1.4683258866598248	0.6227993112122909	0.6018054215719637	-0.6118492016088827	0.39306571227560094	0.7488823656606812	0.4123112884593781	0.31674580717775125	0.8096228946041445	-0.6241287846529034	-0.5990040723262059	0.8463758140607918	0.5621285917928274	-0.6388138748842034	-0.6094302454068483	-0.6475293231358205	0.8727893825084434	-0.5941698877939583	0.6645412879581769	0.6119411347598782	0.32992018313180055	0.7556559875443278	0.4005856569477705	0.5801648508105679	-0.6166142412014914	-0.6013781849176586	-0.6126940132549691	-0.5739461014561255	0.3662381106368573	-0.602687855909462	0.4861264995673914	0.4808997440745482	-0.6428833286254424	-0.5742040187248345	0.2613336083188497	-0.6260459138153729	0.3588309520314853	0.7324648534401877	0.5572554468756152	0.7298794846240935	0.8224207123255547	0.5745138986766245	0.6876676800120605	0.5146422055633713	0.6064402878869736	0.29154758494521205	0.4048851831323594	0.7570434916153971	0.2779868030200525	0.3309021969726621	0.3798398675033836	0.7852146975709987	0.49503505962488537	0.5658484220324136	0.43946224431738645	0.5012605738821175	0.4068550073527438	0.7878700470221588	0.8561439108304646	0.37829668861043764	0.7123776909975804	0.76455278631828	0.27777470540292387	0.8275206919518905	0.8091237487485669	0.8780425946579378	0.614183809330336	-0.6309273734043384	0.8558746022371103	-0.6248352161677296	-0.6428016714451912	0.2558290297548702	-0.619017140144239	-0.6092272651426717	-0.6514453588126441	-0.6024705391408267	-0.6320685836040829	-0.6143642784000678	-0.6359712687548417	-0.6167477148721682	-0.6159707534050024	-0.5554122657230349	0.42241570523330507	-0.6403779501333745	-0.6295885920688774	-0.6208517685088946	-0.623696019748638	-0.6091257356687784	-0.6137099796308315	-0.6226158845897604	-0.6073012782728703	-0.5981263631336984	-0.5898090815746239	0.3377771129165837	-0.6097117748615203	-0.6540110721412624	-0.6340806872659713	-0.6097897145816589	-0.6192058049234805	-0.601851291891391	-0.6343668792979862	-0.6198587548327069	-0.6180268705346253	-0.6300298183814794	0.4181210665247367	-0.642434242919733	-0.618288437007865	-0.612448276335972	-0.6365279037355733	0.8139888266219599	0.317844081101516	0.35648480096564805	0.2831366604325157	0.3379735307313929
0.6227993112122909	1.2843513801649356	0.6404268384061224	-0.5900266950155083	0.4702464462222391	0.5912153433947063	0.4880323603829584	0.42818651469834446	0.6150803820388465	-0.5955043648090405	-0.5804360749292103	0.6129483114846257	0.5687130528228955	-0.5972656952520141	-0.5831728344227877	-0.6321877267699021	0.6315632665801653	-0.5793437160644522	0.5917682808509487	0.5326952914382925	0.4181224361725109	0.6315570781024143	0.4328829015637169	0.5091557610287454	-0.6017193273864839	-0.5779971463530815	-0.5834301435405607	-0.5483905339337265	0.4188942099301258	-0.5833566362648607	0.47380269183214097	0.48672430356987895	-0.6008838111687075	-0.5626409841937237	0.37515876925172703	-0.5904841417583703	0.4201477592592994	0.6391634680350909	0.6351298714387562	0.6441075279706382	0.6322929291010668	0.45911702798223253	0.6483516292022427	0.4751370317313235	0.4893494311326307	0.36669234504415216	0.450151950940372	0.6161851803468565	0.38886499662672186	0.4313271548971056	0.44982441630842573	0.6383560505672677	0.46295022836948396	0.5118485407201361	0.4945076360710169	0.4809923827685723	0.4710889662752247	0.6716853223461019	0.6621162457023869	0.459419875990838	0.572527155136591	0.600040452072509	0.3894777928241049	0.6301787857970672	0.6037843184918684	0.6321739846462325	0.5052807478054119	-0.5976115360347194	0.6210906364540764	-0.5929642926698497	-0.6024460927247169	0.3797218839924866	-0.6114683397238875	-0.5891720457420754	-0.6289592559610473	-0.58289061577212	-0.5960401435785514	-0.6029636963832316	-0.6101875688405817	-0.5899311924195862	-0.5835833985889011	-0.5663299611671674	0.4546957169962556	-0.6232143884629522	-0.6096751496413735	-0.6048842438033305	-0.588758726832264	-0.5772622707583971	-0.5858292522303016	-0.6011002483679728	-0.575567761330442	-0.5749201531803776	-0.5678849675973653	0.40587780704109383	-0.5855023630643855	-0.6215527547650875	-0.6031837873391583	-0.5944825361848624	-0.5780430087942771	-0.5708464079434956	-0.6039809099755397	-0.612638812904749	-0.5946355357704831	-0.5913928672152274	0.44549121290261695	-0.6128417719618434	-0.5961029356254283	-0.6096001571713516	-0.6131856968019684	0.6121296337194703	0.38823198392838226	0.43391584759227614	0.394156756841154	0.40621059793860814
0.6018054215719637	0.6404268384061224	1.2965232635014756	-0.5700984524469268	0.4409866052670667	0.5744267609480342	0.4639060298125952	0.40903560668862665	0.6041808311608164	-0.5773959019933581	-0.5575806588454127	0.6025493244450587	0.5261461370852052	-0.5824184509381417	-0.5660784736086898	-0.6027915758488852	0.612266599321314	-0.5587604866647532	0.5572084952977021	0.5200848253350806	0.4115865811694886	0.595163053790864	0.4273058280970965	0.4872246628412249	-0.5811679231594085	-0.5621915805926885	-0.5649830826439401	-0.5298941605964426	0.4095177077702724	-0.5629566179840518	0.45650509887595636	0.4763528715858085	-0.5868986041572025	-0.5430930133936276	0.3583484793225214	-0.5710514638650329	0.40626584204523275	0.6029739290861216	0.5797016586036196	0.6007906365559359	0.6062975314388501	0.45198762476198495	0.5902737466371093	0.45805237376772884	0.47587622055517304	0.354655525215844	0.434835301432617	0.6035760395843166	0.37424321493414836	0.41865792450397143	0.413264468149542	0.6023819041337236	0.44181333737949735	0.490137331840047	0.47041446869944886	0.45826236162143763	0.44089555039419415	0.6309551034813431	0.6337528263363027	0.4322765541131316	0.5466178370380493	0.5770617257830769	0.38043974591546564	0.6014341973109719	0.5817486143711961	0.6196035947516184	0.4977572827065145	-0.5793062472476281	0.5978910396670425	-0.5721286364241991	-0.5790491087986787	0.36817245825422135	-0.5894146451345788	-0.5724354574450828	-0.6019412324559071	-0.5678880913108391	-0.5771764626435099	-0.5760038642287288	-0.5870358091999807	-0.5660993311675072	-0.5653373828826582	-0.5418663617703525	0.4351027515050787	-0.5987987416080567	-0.5850118081280424	-0.578705934125171	-0.576972725854464	-0.561188683194516	-0.5648598210105461	-0.5774613002079578	-0.5577385424776108	-0.5552365895442585	-0.5479580936568788	0.3917337395962829	-0.5644740563999806	-0.5953479310020217	-0.5824182024619288	-0.5736299591837055	-0.5627082562832884	-0.554845070924745	-0.5801801276208921	-0.5819147180535618	-0.5758628262421449	-0.5695425791788291	0.42470679544320183	-0.5900926951985759	-0.5776966266908733	-0.5875521019407641	-0.592008372984905	0.5925428213572363	0.38734607076073907	0.41752947473068075	0.38020509183094264	0.3935662400676798
-0.6118492016088827	-0.5900266950155083	-0.5700984524469268	1.3035054567213749	-0.6618662877514266	-0.6233060343116432	-0.6000584140875856	-0.5660651203325622	-0.6142224323470243	0.7736226913970855	0.7148815557862692	-0.6356512502457331	-0.5538830943322174	0.787025977382368	0.7265313954365787	0.6979177199399732	-0.6371662562528337	0.6998339794573057	-0.5897539740114189	-0.6315493607976147	-0.5517712275575082	-0.5929218465665841	-0.6169661795007282	-0.6380868511438629	0.7560737465402034	0.7293249686198928	0.7265890547362456	0.682176777674183	-0.6239158221470678	0.7561769016214043	-0.6413651426822047	-0.6448990490243484	0.7916858925270909	0.7395776456634628	-0.48244795655754347	0.738904311293032	-0.6399888647583153	-0.6778411653465992	-0.5931063564685503	-0.6179172611194291	-0.6456592463999877	-0.6264029403611525	-0.6097593480085938	-0.6523991101530018	-0.6392810969933379	-0.5254481015017097	-0.6455011016666166	-0.6410289476964651	-0.5396940320811504	-0.5756598295363853	-0.6575656735732028	-0.6200718633039937	-0.607208604165156	-0.6790776921466259	-0.6622940714833768	-0.6464523963156792	-0.6120163626993319	-0.6681906679862151	-0.6758971745478659	-0.6472198204194078	-0.5639388724373487	-0.6101640775213273	-0.5338168371441278	-0.6218733102762047	-0.5952590605803395	-0.6347093069296108	-0.6085935190343766	0.726413121995506	-0.6202527874077324	0.7427463576333141	0.6969501585969393	-0.5283582633145325	0.7137984451342813	0.697062103097519	0.7101379688530475	0.7083642549175351	0.7548641533321273	0.7042971059273302	0.7953705716715505	0.7447196733270918	0.7408785342063785	0.7038330437998338	-0.6298330475002472	0.7553442818228369	0.7238945283261232	0.7040168188638634	0.7657795577201939	0.7360288348289222	0.742558827625938	0.7322329616509716	0.7081050920601217	0.7481719425198865	0.726428582626714	-0.615217800499033	0.7433104971626913	0.6905116823458379	0.7329785413252448	0.7131219696852352	0.7456112748409613	0.7196214764634763	0.6876524969346994	0.6818621155243344	0.7245965174888013	0.7229277608212422	-0.5744632520031175	0.7391984803064121	0.7909041418177984	0.7426217882248888	0.7312205958993229	-0.6238468510877051	-0.5657938669597201	-0.6505865439581072	-0.48924840064207387	-0.5326468029044034
0.39306571227560094	0.4702464462222391	0.4409866052670667	-0.6618662877514266	1.58484870967985	0.4898213339101478	0.429843319871153	0.35899399108669705	0.419582067524938	-0.6637771941977102	-0.6564618940483273	0.42151807605851577	0.40880451937813916	-0.6761583231915407	-0.6646078554824363	-0.5847955986128107	0.4234371404559246	-0.6109079643294072	0.45928485756816767	0.6856742285234924	0.35857282274181296	0.384147400333392	0.8313673180806571	0.7042466537070015	-0.6315265568626891	-0.6586211394741825	-0.6428822677307084	-0.6062567071947557	0.8511613077144236	-0.6291825451669815	0.8506983116061878	0.8822029699629484	-0.6896175563706555	-0.6491485060134563	0.2837211121533195	-0.6610915959453143	0.9818106215820344	0.5866029341245684	0.49150239154667574	0.46007588238280583	0.46804939339973145	0.7792196842552414	0.4651537136238439	0.8265980335848337	0.7592051730087835	0.35266660348171114	0.9324650592065216	0.5524853654683327	0.3994688890168215	0.3693222396598565	0.9056417764618817	0.372320560726344	0.7511536810557381	0.84827122614454	0.8658113311687974	0.7758258538804856	0.8406391530756806	0.5333494745110366	0.4855658945462824	0.9397211667129853	0.38866606563157274	0.4521949180057952	0.3501089963820112	0.3913073487862478	0.36931486653389983	0.37636320994804034	0.6302786242063515	-0.6495469445373748	0.4008503785176297	-0.6481263274312157	-0.6094508555699814	0.3191769057557599	-0.6056778009579525	-0.6324916408377504	-0.5810968190983061	-0.639922775337257	-0.6869540456582882	-0.5784355226593733	-0.6983297298008083	-0.6526418847422126	-0.647368704784191	-0.5941051861063477	0.8675941545134195	-0.6360306723306722	-0.6079504956036698	-0.5407408525328702	-0.6789017393115218	-0.6542426737341149	-0.6510982449035108	-0.6041665768537603	-0.6489889823429169	-0.6586222682995937	-0.6594434486999174	0.880785321761357	-0.6622313711917824	-0.5368176642045115	-0.6155970128877974	-0.6271820198503013	-0.6416286504171766	-0.6494242679895632	-0.5598628977848956	-0.5290060309602361	-0.6438197807601154	-0.6396485089977428	0.4781061837621915	-0.6459553925018007	-0.6461484489542937	-0.6450654450385178	-0.5809204789943058	0.4238265933559033	0.4237447134616099	0.9862424923352551	0.2973507480650861	0.3482820448343702
0.7488823656606812	0.5912153433947063	0.5744267609480342	-0.6233060343116432	0.4898213339101478	1.3912380512686553	0.41575866117514665	0.3291185472337445	0.7494743073137722	-0.6178882089190787	-0.5985787709215475	0.7633869716554098	0.5361293431620083	-0.6361490913667667	-0.6094763691541129	-0.6358633779507633	0.7609267839541949	-0.5962658892714325	0.6401657380427002	0.6165150517016167	0.34957796445890194	0.6777577778497648	0.4664397545206754	0.5814575662905109	-0.6199647384328371	-0.5993404008134711	-0.6155474025509493	-0.573536057700414	0.4326724027090707	-0.6033834892971088	0.5513103403001954	0.5536541378016744	-0.6447195389237856	-0.57746126583473	0.259255357344796	-0.6238753763543848	0.42686178492465265	0.7607024832671602	0.5626195756402124	0.6834006000548779	0.7799738052107619	0.5657843900789579	0.6603782177545933	0.5339157574152548	0.5981526265817622	0.2932917533971712	0.4708047155490633	0.7547102246882781	0.29008607716908	0.34214321085320804	0.4512306992871709	0.6877581315043723	0.5231579847844867	0.606247505698958	0.5206446768705448	0.5237852230584229	0.4548200293553023	0.7525603207945154	0.7972161369879026	0.45386747222388213	0.6538693700792328	0.7217986319886234	0.29762543560803495	0.7433813926299316	0.733673078829385	0.7917397845461022	0.5941602781688518	-0.6281779506642899	0.7490915390675161	-0.62181128236992	-0.6311827379478276	0.2721534046518766	-0.6206665215988735	-0.6095566624916927	-0.6351733714001555	-0.6020818704463515	-0.6241896203912213	-0.6102967796340987	-0.6401870618238515	-0.6208986596429938	-0.6151488674235024	-0.5532112118526132	0.4862730270858409	-0.6343744017117487	-0.6208732998163231	-0.6143902129546275	-0.6213787183562004	-0.6072379945691345	-0.6150851709817206	-0.6163702955247993	-0.6059664102253035	-0.6013255065775833	-0.5873296734506473	0.39024434930255686	-0.6078809777061062	-0.6360406058429726	-0.6279901064898559	-0.6169507397679981	-0.6180292434264005	-0.5981286796580537	-0.6202720537886209	-0.6182307221473674	-0.6195720844062304	-0.6226213566970598	0.40266989386000424	-0.6390332485406651	-0.612260056060896	-0.6203877053993293	-0.6282475178827269	0.7530048011654439	0.3255644636608024	0.41914676952596913	0.28553322076190146	0.3423126553352778
0.4123112884593781	0.4880323603829584	0.4639060298125952	-0.6000584140875856	0.429843319871153	0.41575866117514665	1.4080421641525687	0.809652636340943	0.40435805717637413	-0.6111818830884003	-0.5911603157351316	0.4430663913639902	0.45872291603157944	-0.6113012470535437	-0.5953399148840476	-0.6370588810432531	0.4195923630470182	-0.5910041970613049	0.4223996381390935	0.40743157043222145	0.8596245289662399	0.4056586394543676	0.40316744005738214	0.4071202715322309	-0.6036835342731023	-0.6039958582044527	-0.5807594956386883	-0.5585438230129406	0.4314367687661103	-0.6020121002323204	0.40107576664531513	0.422527884652642	-0.6039478522849635	-0.589250954837177	0.7556924498910756	-0.5932885432361465	0.4006119676811323	0.5002032789751906	0.4953740771777263	0.4268467824340976	0.4508024488235567	0.41576523293562645	0.46681301812161746	0.41191686221551604	0.39201983914829225	0.7277164359767885	0.41881368021193893	0.4391216837773615	0.7714541222145433	0.7773981740688181	0.49560965928156775	0.4866066141904931	0.3793482910026495	0.4801915898919391	0.4767357284947011	0.41806668331748187	0.471103226161662	0.4646390604819499	0.4735078266846581	0.4247552081286085	0.3851940016358209	0.4272918204478898	0.7466034184216335	0.4102313022933061	0.3879186356225877	0.4345162132528165	0.3871766542097957	-0.5838447699740699	0.41027603464908274	-0.5960958105650468	-0.6069350657849524	0.794114599132325	-0.6345397406753129	-0.5800006850865439	-0.6219125130054808	-0.59434140513159	-0.5945721089565462	-0.6237498938911415	-0.5924633972640642	-0.5845987803763318	-0.6001591278383976	-0.6020340813075695	0.4212864847001939	-0.633717903121773	-0.6134406557284854	-0.6253190855327638	-0.581914922329206	-0.5918984757371661	-0.5879708858818922	-0.6146492828620571	-0.5974662875961155	-0.5668279982837228	-0.5782899916124745	0.4299962592169087	-0.6058660443587672	-0.6286601656285589	-0.6118772411711058	-0.602976111626454	-0.6044896150873641	-0.568572263224455	-0.5875228834230009	-0.6679260335796399	-0.6112584770270011	-0.6081783716885811	0.651254394272318	-0.5965761323462215	-0.610874922096174	-0.6146896480384078	-0.6169459221276447	0.40197427124072593	0.6786437937708911	0.4110892809716637	0.7543506728466504	0.781284986499673
0.31674580717775125	0.42818651469834446	0.40903560668862665	-0.5660651203325622	0.35899399108669705	0.3291185472337445	0.809652636340943	1.4426247967935955	0.31274960979971506	-0.5858676933814341	-0.5553678281053884	0.338601063112788	0.4122984932490105	-0.5740654686282476	-0.5668869911492221	-0.5714161934341282	0.3262521414304561	-0.5470633346952019	0.34545974558571185	0.31785302151293804	0.8865516895591147	0.3512742248409646	0.34055926728607977	0.33942069791448665	-0.5493368245322146	-0.5747670944792617	-0.5411562373481071	-0.5160974111343788	0.359211928887409	-0.5553866090524597	0.2929349357922555	0.31306071395410706	-0.5877030605075069	-0.5682924517714013	0.8344160656950694	-0.5599255467279544	0.35149076177645283	0.3805068017722981	0.4532130525902834	0.34063097775861795	0.34673248005391494	0.3281527864499883	0.3902200898533182	0.3391915089225964	0.3032682510457117	0.7814347043297774	0.3668862843667905	0.3496097098128354	0.7644085907909813	0.9609173066680182	0.39009723831544635	0.43358278828162333	0.29842998950950367	0.34698375071791165	0.42666298666198443	0.372677245546272	0.40235303416177787	0.36435249380079154	0.3850734951285496	0.35172974000428003	0.29865383214291197	0.3144318351067887	0.9018584493709484	0.32450021719143	0.29882261769778096	0.3504684088269431	0.30096889090678314	-0.5586592734803524	0.32085379737482544	-0.5650398521329449	-0.5406612910931403	0.8656693382875411	-0.5406292555490539	-0.5395301770550311	-0.5753459000787321	-0.527921348980377	-0.5614479979875978	-0.5294742569670069	-0.601801766799335	-0.5651436037696588	-0.5542632448453452	-0.5853103112638408	0.3549733450383165	-0.5892389034117914	-0.5511599531918665	-0.574622318551282	-0.5887718754779937	-0.5589941759964634	-0.5540774871070581	-0.5576432370700829	-0.5513694231768096	-0.5206368802513145	-0.5385264881122396	0.4199149195201339	-0.5505303877753575	-0.5702764991997302	-0.5640567433088988	-0.5383371381180556	-0.5584823362118739	-0.5678344295491468	-0.5348074347281199	-0.5719102463003216	-0.5530964741592822	-0.5883871801431978	0.7175242887133638	-0.5646540379371521	-0.585140912942602	-0.5699998862133456	-0.5617690543591789	0.304570145903931	0.8059354553488284	0.390790778995739	0.83025682776788	0.7978999891670516
0.8096228946041445	0.6150803820388465	0.6041808311608164	-0.6142224323470243	0.419582067524938	0.7494743073137722	0.40435805717637413	0.31274960979971506	1.4746909810846283	-0.6207823865582232	-0.602127762221371	0.8617339032614686	0.5753893060530467	-0.6340969144747182	-0.6101665960988344	-0.6496519527471358	0.8538312419385785	-0.5960353552086004	0.6765022483248682	0.6190868928119524	0.3217533684871296	0.7540988065866754	0.41898132995163306	0.5873179130681493	-0.6186906341354088	-0.5983103402430875	-0.6167379405839112	-0.5753931735538086	0.3754973155549205	-0.6052461461725197	0.5010736909638616	0.5040483841615095	-0.6444338090776317	-0.5755704273063562	0.24289347937416214	-0.6277583190608755	0.36046277849103386	0.7275098583954376	0.5869445650474333	0.7304029444683249	0.8381525139246745	0.5784865645955759	0.6727259503086914	0.5111655726931961	0.6085272386946314	0.27503654421404433	0.41405892193310734	0.776672807719669	0.26893656676762473	0.31852026812243966	0.37949090006811875	0.7540764702005361	0.5037501950314417	0.5696837794669999	0.45491224877432324	0.5131729547876037	0.39285521544872504	0.8205328643820592	0.8531971349883054	0.3902465312677762	0.712391946337771	0.7700659557127975	0.2684950454022431	0.8334778921174789	0.80861272784733	0.8596059000091202	0.6194795538430089	-0.6350846007642328	0.8367328711013797	-0.6279935591175693	-0.641765193715652	0.2531757222414063	-0.6215831586768211	-0.6075213555261235	-0.6549861630341871	-0.6043785757148012	-0.6337625261697007	-0.6217237546648552	-0.6341855046522759	-0.6211577513751684	-0.6174867073675965	-0.5487571596831866	0.4144915580089596	-0.6469624283117098	-0.6349381479241031	-0.6267787436800178	-0.6244454532678598	-0.6108264338915298	-0.6167189599924346	-0.6257735108176856	-0.6079122011153832	-0.602650904185026	-0.5896519610191127	0.33372556993658586	-0.6117185005443248	-0.6560620197113709	-0.6316100725003674	-0.6139644721210709	-0.620135863936201	-0.6021407278175994	-0.632061337895617	-0.6198291463483359	-0.6211911488982028	-0.62767361571884	0.4130632177842254	-0.6535165566574982	-0.616283892233469	-0.6173710342650289	-0.6356550259074094	0.8167055603077872	0.31378994689723094	0.3548006693116262	0.2557783618295885	0.32242795479229247
-0.6241287846529034	-0.5955043648090405	-0.5773959019933581	0.7736226913970855	-0.6637771941977102	-0.6178882089190787	-0.6111818830884003	-0.5858676933814341	-0.6207823865582232	1.3218920696300378	0.7458920725247186	-0.6276555512511198	-0.5622906766776848	0.7633367376793666	0.7609517544732034	0.7583533046372315	-0.6519501312020255	0.7321466051658813	-0.5975290607061456	-0.6480525760369124	-0.565934709291729	-0.6069297964254615	-0.6274525588914565	-0.6569131052976719	0.7473649461658212	0.7609819986986474	0.7463051738959249	0.7029725994724219	-0.6472999637603793	0.7633231341622716	-0.6483761481064748	-0.6473843029881853	0.797672816085517	0.7718425511010066	-0.5117056317891877	0.7930853451030486	-0.6692617397983139	-0.6844732105645661	-0.5931763433540284	-0.6301639633507322	-0.6594437628607563	-0.6613053130527218	-0.6092846422509633	-0.6731453135742644	-0.6680810327824879	-0.5494826216723024	-0.643085256251081	-0.6357281857891214	-0.559016811438107	-0.5875796623315286	-0.663057362124004	-0.625659838050275	-0.6273148399413716	-0.6979695239023221	-0.695209824675645	-0.6650496414383198	-0.6357377724128039	-0.6748027380404681	-0.6835807896124093	-0.6639498754380627	-0.5753806504713278	-0.6163400651396324	-0.5554064346557466	-0.6282362683393969	-0.6057273609905472	-0.6442556483421372	-0.6268776870780298	0.7707705655027489	-0.6329142887405544	0.7577353617288008	0.7547356118304872	-0.5454499462698821	0.7138866376761894	0.7452618815303702	0.7280997088324177	0.7115933197474814	0.7975437898308539	0.6947888856967328	0.8522396227242084	0.7519478122946388	0.760941869707015	0.7564243215008977	-0.6530435148757815	0.7834385912483344	0.7166160794925933	0.6988024156290039	0.769095946903663	0.7426168868210618	0.7561690855869061	0.7298171492461353	0.7684148654433285	0.7624870820179876	0.7383566355489226	-0.650751782145506	0.7714147538655811	0.7089301152164184	0.7533749672726547	0.7407877158021532	0.7505352983499445	0.7495696569929347	0.6984650783139787	0.6899418867502018	0.7491459712784282	0.780659009087444	-0.5996812745525888	0.762097842688469	0.8359076781122958	0.7451489564875722	0.7289215010675184	-0.6330599136729481	-0.5834169194548315	-0.6833357427655917	-0.5031346605479552	-0.5351135085992061
-0.5990040723262059	-0.5804360749292103	-0.5575806588454127	0.7148815557862692	-0.6564618940483273	-0.5985787709215475	-0.5911603157351316	-0.5553678281053884	-0.602127762221371	0.7458920725247186	1.294564532377529	-0.6066446583508588	-0.539567519741823	0.7520859072747558	0.8006149820516267	0.6962927277762262	-0.6187885656269436	0.6771361483947819	-0.5731211784719596	-0.6224615030503945	-0.5406472312745043	-0.5751363330831352	-0.609506720825123	-0.6220374796412386	0.6917829431609385	0.7116991580466596	0.7085847684259684	0.6561445628414824	-0.6178874984763769	0.6957661007297067	-0.6303554198048951	-0.645846568641285	0.7627020332787826	0.7020273504286757	-0.47116103253727526	0.733757419109925	-0.6484746412198629	-0.6459763714338325	-0.5764934142698009	-0.5954320064891888	-0.6272956302397656	-0.6378372698100855	-0.5905650091704926	-0.6449562522044143	-0.6467025831567123	-0.5087244011755561	-0.6384231702454807	-0.6296791819899263	-0.5169536457982494	-0.5501074462047206	-0.6507689738268981	-0.5924088807604704	-0.6020136413072377	-0.6780229729408266	-0.652477500077759	-0.636378971117938	-0.620176644240494	-0.6468522358814558	-0.658892586410151	-0.6437323168866115	-0.5495156205721135	-0.596370265277234	-0.5192074875524562	-0.6014475571914962	-0.5739062478754836	-0.606158986580131	-0.6048857277860166	0.7305988967858373	-0.5993820715173603	0.7206292613440457	0.7117357486552467	-0.5015194360172797	0.6985218390678575	0.6887892958487558	0.6970594706868747	0.6970190359366271	0.7442739575497739	0.6743619157620344	0.7606767864477954	0.722437088840909	0.710699044614523	0.6801048647942289	-0.6280772181233509	0.7257759874707179	0.7072768785375516	0.6700965415120026	0.7472674315788701	0.7091080642136466	0.7155782648960798	0.6942702039962052	0.7210603300806794	0.6997201187866202	0.7023241142891358	-0.61845849727223	0.7182664461290781	0.6885881957284151	0.7078225279573104	0.6997346449744729	0.7100818460260638	0.7063728761481658	0.6687305359321695	0.6669288894997376	0.7262537002062985	0.7394716309596631	-0.5709253987461606	0.7315305924698126	0.7198334718823002	0.7115885054317784	0.6926337338606738	-0.6054484745610317	-0.5257732958868347	-0.6491501179812161	-0.4827578029817641	-0.5136751234820738
0.8463758140607918	0.6129483114846257	0.6025493244450587	-0.6356512502457331	0.42151807605851577	0.7633869716554098	0.4430663913639902	0.338601063112788	0.8617339032614686	-0.6276555512511198	-0.6066446583508588	1.4854485165127977	0.5802451959958469	-0.6443944125597187	-0.6175963595638571	-0.658422598502134	0.8772437858803291	-0.6043574926597604	0.6703454695814803	0.6300180752380511	0.34376221409807733	0.7714969187153732	0.4070463628457503	0.5900669869167516	-0.6294229671335931	-0.605807261762983	-0.6216504081729857	-0.5848475974546591	0.36291838144209393	-0.6143207585578287	0.5090537117252524	0.48602277848285935	-0.6591093402547636	-0.579081682187617	0.2610728761380505	-0.6378720381225582	0.34705107815812375	0.7411427130912458	0.5848493458857934	0.7300145451648663	0.8473141664259447	0.5806839019025123	0.6969859768104538	0.502961869406078	0.618566973089863	0.30452851416310417	0.4081648568021615	0.7770552028045019	0.29921101827701263	0.34540498251556917	0.38861651449199575	0.8066145181303142	0.4948415370007289	0.5739621962667091	0.4324436267226184	0.5007342682415942	0.38669203632850124	0.8219538772980511	0.8643793698789721	0.37326439533331557	0.7297978782131942	0.7828832892847003	0.29410081370645896	0.8459064090682095	0.8300676960459726	0.883995423959762	0.627594486339122	-0.6425612643908349	0.8607116615039496	-0.6313469409291904	-0.6580581667732079	0.28116741146214835	-0.6363666487430645	-0.6207320274278549	-0.662602604800469	-0.6164173876750764	-0.637621239709372	-0.6336045993232623	-0.6448591605076303	-0.6304620375072189	-0.6274724165808653	-0.5584055018750248	0.4084318148171125	-0.6521761180222113	-0.6434570489220772	-0.6375146815052981	-0.6361916306637277	-0.6255223552051202	-0.6254790170600147	-0.6354754906899808	-0.625379346416971	-0.6156979648895347	-0.6018242221754642	0.31942001683885796	-0.624052224952069	-0.6707400199560202	-0.6523723264537971	-0.622394290938496	-0.6364264003820213	-0.6092346819575144	-0.6467369432511421	-0.6318300378286454	-0.6324027523231693	-0.6342377587585136	0.4205180657184653	-0.6590310913187556	-0.6210829939959028	-0.616795530152826	-0.6498450174688394	0.8389630297830628	0.346209531565483	0.33789740659780904	0.285307083184728	0.35224269400073954
0.5621285917928274	0.5687130528228955	0.5261461370852052	-0.5538830943322174	0.40880451937813916	0.5361293431620083	0.45872291603157944	0.4122984932490105	0.5753893060530467	-0.5622906766776848	-0.539567519741823	0.5802451959958469	1.2409444007937889	-0.5616667661532	-0.5449647107693822	-0.5971141974247425	0.5915359690943002	-0.5418864099382461	0.5384205158912628	0.47688109058875344	0.42222220776132263	0.5583904394138788	0.39241141654433637	0.4785107767813774	-0.5612351922494989	-0.5454036787780242	-0.5446409225270169	-0.5140261173991941	0.3855743644052691	-0.543173734289364	0.4266348924182599	0.42865820208687294	-0.5673117685358531	-0.5289411515480021	0.3652978608543941	-0.55186727743664	0.3799589130015244	0.5633462391485741	0.5742915187935503	0.5708629157332487	0.5904687846273932	0.45125485946828175	0.551619419471039	0.44996595871833783	0.4690054787879981	0.35956575147342706	0.4132251565289096	0.5576748479386117	0.38858704854307696	0.42124317652521936	0.39083173009053707	0.5903164629557404	0.41989163909751226	0.4717480196164555	0.43022628507227856	0.472160285350763	0.4311336246180154	0.5910252945549658	0.6010304872240994	0.3891606680404517	0.5277935115783833	0.546089247229234	0.39370596643739525	0.5730688761524899	0.5675359308311737	0.588530104187738	0.47029058055780143	-0.5565695812367218	0.574821206624699	-0.5507690714183425	-0.5685779750040653	0.389281502008476	-0.5782277820200026	-0.5616956373857257	-0.5900001298158755	-0.5496503007564075	-0.5542988833366906	-0.5674004778441205	-0.5664402323415326	-0.5442908251309991	-0.5465084037550754	-0.5337982743290277	0.41025924776435274	-0.5826566015038587	-0.5608760166142476	-0.5643848602544893	-0.5609481766429438	-0.5450943884786157	-0.5496133582562904	-0.5650880168141069	-0.5421393936812731	-0.5386650190443498	-0.5326458434598418	0.3842542366062022	-0.5441609907267225	-0.5813216841359168	-0.576371156382227	-0.547529403486058	-0.5535364064088094	-0.5359359442407173	-0.5604054768813123	-0.5811816690573636	-0.5598609205908378	-0.5600175660117198	0.4118693372840906	-0.586523763345529	-0.5555170467857059	-0.5713545408528528	-0.5778912530760086	0.5837976460805732	0.38602343768198494	0.40794397121316694	0.3802202973855142	0.406559068716601
-0.6388138748842034	-0.5972656952520141	-0.5824184509381417	0.787025977382368	-0.6761583231915407	-0.6361490913667667	-0.6113012470535437	-0.5740654686282476	-0.6340969144747182	0.7633367376793666	0.7520859072747558	-0.6443944125597187	-0.5616667661532	1.319294540707777	0.781605397646202	0.7438720844863992	-0.6613314951480362	0.7345612331479173	-0.6066368532626083	-0.65134127959501	-0.5594500966674099	-0.6008950306265914	-0.6414161926418865	-0.6545500223744651	0.7405582856433712	0.8110157211191276	0.749504786250896	0.7093485466734907	-0.6459170233508567	0.7333719961137903	-0.6619213121098315	-0.6685367366711532	0.8119725787971148	0.7459865640351747	-0.49415430773002816	0.750161947038437	-0.6763267045291792	-0.6778653731123424	-0.5923068935980562	-0.6233550471386141	-0.6556212043499193	-0.6576500746399319	-0.6209343348820288	-0.6773021432301545	-0.6781899713211594	-0.5437006397595908	-0.6736378212013642	-0.6569552992150449	-0.5553029174751837	-0.5959212693886844	-0.6886679110724084	-0.6323153981066432	-0.6289259627056882	-0.70323706819026	-0.676237665674439	-0.6740956961608181	-0.6338461009189792	-0.6785417671637964	-0.6905814114352888	-0.6758268118177359	-0.5790708738537325	-0.6256651231084923	-0.5518906045443972	-0.6348627133249112	-0.6161039101176785	-0.6518275165893374	-0.6327421739177184	0.7597234405238037	-0.638409059596556	0.7759801721728693	0.7504686878476502	-0.5373190064914825	0.7551019173831226	0.7558641017410782	0.7284557172531269	0.7561691886629167	0.794230126823839	0.728112911972766	0.7986564688136712	0.7924190929371824	0.7554400173257667	0.7033528019325999	-0.6555607164898823	0.7578892208858755	0.7524272004433087	0.7201612335474775	0.8517800361578172	0.7775147134890521	0.7717628492044047	0.738329187928855	0.7570477222381705	0.7662995009872832	0.7881708792843739	-0.6514865512730484	0.7540306144096474	0.7285828075032142	0.7632863160393542	0.7389486210666326	0.770138501664013	0.7877914146753785	0.7037117874956609	0.7420363113594824	0.7804176150322631	0.7750904871656378	-0.6036384367903302	0.7613557380145144	0.7424299968750916	0.7486642730961998	0.7435877076275133	-0.637502857329705	-0.5789580673867695	-0.6810196447561309	-0.5020426692176331	-0.5501000484088112
-0.6094302454068483	-0.5831728344227877	-0.5660784736086898	0.7265313954365787	-0.6646078554824363	-0.6094763691541129	-0.5953399148840476	-0.5668869911492221	-0.6101665960988344	0.7609517544732034	0.8006149820516267	-0.6175963595638571	-0.5449647107693822	0.781605397646202	1.2979599104879886	0.7104550996851923	-0.6312411625789335	0.6877705064563934	-0.5790181581579462	-0.6363549034865871	-0.5425912552208605	-0.5834309848873008	-0.6191692915293061	-0.6357414113019952	0.6978831933106331	0.7242075931037731	0.7241700604442233	0.6708424983210348	-0.6269808649241206	0.7101385116989838	-0.6360478244910794	-0.6522958411885867	0.770238974510144	0.7147049291724463	-0.4761728963048504	0.7470995610535585	-0.6520331806792458	-0.6539766918891678	-0.5782282811174714	-0.6044875441133725	-0.635097096138279	-0.6472116399859577	-0.598104302816665	-0.6544900546321467	-0.654133350981048	-0.514759052550965	-0.6429299531537648	-0.6403615482171616	-0.5276407985342582	-0.5609329419862247	-0.654069948254502	-0.6071159112229451	-0.6097133874731892	-0.6885797095250679	-0.6561644183827826	-0.6473928245679429	-0.62333490041668	-0.6569256625826407	-0.6644518787856263	-0.6487745260236019	-0.5583472016016081	-0.6077642089642522	-0.5210007072148913	-0.6109435032003586	-0.5860249102811571	-0.6220902569150338	-0.6136696237144955	0.75304584541349	-0.6110635652730749	0.7340679745233151	0.737262959842571	-0.5006348327339958	0.7062629632727321	0.6954129280975581	0.6987252022676825	0.7031505581032057	0.756723286705722	0.6901521033077519	0.756419188096617	0.738472841491054	0.732853429772379	0.6892539754945551	-0.6356166447593736	0.7367001444270539	0.7169441217781238	0.6759928565877004	0.7762400875635712	0.7196225375929637	0.7308008201569968	0.7072791136497748	0.7466829611309982	0.7014995334042458	0.7036436323528942	-0.6270875228323329	0.7327304724951406	0.706945982778351	0.7271788621509616	0.7024479028988257	0.7251416907177493	0.7248048640893607	0.6723463256698331	0.6688358776074913	0.7345792689191956	0.7544654223975111	-0.5819743754544641	0.7493728180448714	0.7310704411542098	0.7213587452462911	0.7052572038255603	-0.6154957275894657	-0.5435936919676706	-0.6566058558006332	-0.4849853191627969	-0.5196148563426046
-0.6475293231358205	-0.6321877267699021	-0.6027915758488852	0.6979177199399732	-0.5847955986128107	-0.6358633779507633	-0.6370588810432531	-0.5714161934341282	-0.6496519527471358	0.7583533046372315	0.6962927277762262	-0.658422598502134	-0.5971141974247425	0.7438720844863992	0.7104550996851923	1.3563141097274751	-0.655669552612051	0.7342456320486163	-0.6152655096696161	-0.6101435924654555	-0.6152946050907425	-0.6310308878092086	-0.537299836888541	-0.5950508844209093	0.7204696261618282	0.7283332234498601	0.7024066828255342	0.6729420295178759	-0.5185272726413209	0.7135725753396258	-0.5794173550450225	-0.607803209839377	0.715890685401043	0.6998016786244942	-0.5456028606941644	0.6986288991976598	-0.5415280441286234	-0.6672217859281294	-0.6285213363949045	-0.640724729869299	-0.6748673235695932	-0.6230219350060081	-0.6347867286744445	-0.5896714515180482	-0.6256203707401518	-0.5336551875276674	-0.5588942751912885	-0.6570425060605725	-0.5311623510934649	-0.5798775457681754	-0.5264039289614693	-0.6602183504642735	-0.5631458864344647	-0.6432153244199643	-0.5895895772071682	-0.5833322062099648	-0.5975684000394604	-0.670631811503498	-0.6950021531728867	-0.5395024150772043	-0.6026361797880898	-0.6361801391480735	-0.5631936696282245	-0.6423883863800468	-0.6292517221174392	-0.6645314646423173	-0.5946198296733505	0.7420457267287769	-0.6473593342842411	0.6979208336151839	0.7363608304634225	-0.5446705520435037	0.7792165170942206	0.7218919586786555	0.8174768250073489	0.7118713622681048	0.7337978613379007	0.7639952960571781	0.7580744870534561	0.7196548213828068	0.7140313614183817	0.6831835442294151	-0.5671280755253268	0.795229426150686	0.7496455803946321	0.7404701504005521	0.7208397407782953	0.7114827033200419	0.7002078704942031	0.7502536833739318	0.7036015722474299	0.6826878617796249	0.6827751592140142	-0.5207324660356973	0.7171578108023234	0.7697412945616119	0.7456302221826624	0.7212246924484492	0.7151711823691681	0.7101867291812091	0.7403123289906306	0.8029250736066659	0.7402519258425678	0.7001994145385179	-0.579419688632992	0.7941996417483014	0.7113957182288844	0.7677889362212891	0.7886141779908786	-0.636042198724942	-0.5218850073717101	-0.5361415041190495	-0.5631097198376982	-0.5764176447277686
0.8727893825084434	0.6315632665801653	0.612266599321314	-0.6371662562528337	0.4234371404559246	0.7609267839541949	0.4195923630470182	0.3262521414304561	0.8538312419385785	-0.6519501312020255	-0.6187885656269436	0.8772437858803291	0.5915359690943002	-0.6613314951480362	-0.6312411625789335	-0.655669552612051	1.5174341842806631	-0.6130735455599126	0.6784538046539631	0.6323238320585206	0.32770515696990393	0.779306983898452	0.40804459958424183	0.6168209591006755	-0.6351235274606053	-0.6117752226443048	-0.6313641667914256	-0.5919105363383542	0.3643176227703098	-0.6260905878863539	0.504228515478781	0.4770989514795148	-0.6646049445569793	-0.5944671259562051	0.24708774313394624	-0.6460442197174762	0.3766185524997172	0.7634084847928421	0.5925322752228993	0.7571747786899509	0.8505692667172984	0.6016923840927229	0.7060335629642102	0.5549646983983684	0.6622952387803775	0.29509002743017543	0.4198753980225697	0.7818013215039957	0.26749058123125885	0.3449669600311133	0.4055353382546544	0.8188394532044836	0.5231051319142105	0.6033200319198918	0.42758215600684923	0.5372163125312527	0.417990202664902	0.8097464767198317	0.9139715075952155	0.3961900332361819	0.7426917224468317	0.7899447266757355	0.27883152735627487	0.8659470511342915	0.8438486183235445	0.8975813513744992	0.641643335252535	-0.6524560638042481	0.8901742196869056	-0.639978055952263	-0.666658858134878	0.2540530795170412	-0.6239685765778373	-0.6274150423419199	-0.6731090688763245	-0.6180076845109572	-0.6519834640931993	-0.6271505779256453	-0.64772547121522	-0.6430764671318383	-0.6328991869363945	-0.5636498129425045	0.4211895057557184	-0.6477502325031392	-0.6520420521918331	-0.6310900424053448	-0.6393312816471085	-0.628284635399746	-0.6351756674065514	-0.6440648054435946	-0.6310290853715615	-0.6208995466927054	-0.6110091431999064	0.33654242528858264	-0.6305357140329145	-0.6652045911966393	-0.6547462891490714	-0.6232277524668429	-0.6422903749767341	-0.619525825293461	-0.653392503215637	-0.6021251476136978	-0.634206010655662	-0.6476570006629468	0.4158558874471506	-0.6654210631662201	-0.6327749833721033	-0.6272588184142713	-0.6557547109471588	0.8665494146830661	0.32566115083632324	0.3836995797976712	0.2668418697046013	0.33107177441909946
-0.5941698877939583	-0.5793437160644522	-0.5587604866647532	0.6998339794573057	-0.6109079643294072	-0.5962658892714325	-0.5910041970613049	-0.5470633346952019	-0.5960353552086004	0.7321466051658813	0.6771361483947819	-0.6043574926597604	-0.5418864099382461	0.7345612331479173	0.6877705064563934	0.7342456320486163	-0.6130735455599126	1.2665313896261872	-0.5744680684281522	-0.5997171889550089	-0.5574257910157943	-0.5769691497574665	-0.5608157622958535	-0.5951863659496125	0.6966787234238814	0.694939436152933	0.6872537526522968	0.6423653088082752	-0.5653528847721772	0.6975461232829084	-0.591798412391383	-0.6073990961186864	0.7178223569618569	0.6783482621513882	-0.4856980042526852	0.7031244994940677	-0.591423349219467	-0.640577456357583	-0.5841445478705518	-0.5983807736845183	-0.6233353747636539	-0.6011905052321062	-0.586631978677728	-0.6048117655427524	-0.6101755577934023	-0.5062319580821488	-0.5916800813147449	-0.615018701991297	-0.5138880991846062	-0.5556571747466151	-0.58409714950917	-0.5989671746251203	-0.5664919040170265	-0.6359489977289984	-0.6077421397442649	-0.5973255732419873	-0.5870218487014291	-0.6386460632599941	-0.6517140488898369	-0.5919662457458247	-0.5511903946864591	-0.5946834084759252	-0.5230028875955242	-0.5973834135638152	-0.5777857714475898	-0.6152862497191747	-0.5801488847476952	0.6983765968565301	-0.5982504100206375	0.698015417745631	0.6842895948561226	-0.509981645406354	0.6923793952932442	0.7031242308676744	0.7105884974785901	0.6819145511610253	0.7147084864512983	0.6802201317066904	0.7461369388394923	0.6960769346802231	0.694315359811126	0.6700890887277245	-0.5901658868281415	0.7238401791918317	0.6945186229827011	0.6794622029709803	0.7156644498535635	0.6930310551389097	0.6887636211697283	0.6848859355449881	0.6841456579580724	0.6869385664579347	0.6710964866583546	-0.5676715292704431	0.6895133874448276	0.6851953622271445	0.6976680170158447	0.6994094075874444	0.6869461709046087	0.6812576212675082	0.6807165136729704	0.6776430799100062	0.7017496453196749	0.6953357977848303	-0.5564682914519354	0.7211371148943904	0.7193018372383265	0.7107222163773222	0.7070065706705789	-0.5990288048932214	-0.5237999535975072	-0.5919669501645344	-0.5082599064810788	-0.5290335733576057
