1.1938200942562072	0.32278996632434903	0.32835949772278183	-0.12072612149996889	-0.017446751637613157	0.2941064926774087	-0.07173597206351437	-0.0728837617993246	0.30836118938248175	-0.1264681941732234	-0.12121865184503842	0.30168226464081616	0.3038388714117245	-0.12668603820540952	-0.12066146306900344	-0.12137268865168888	0.30506841837225696	-0.1148922926885981	0.29357487540095595	-0.017428513395584527	-0.07431409333707424	0.2969681122345546	-0.018622279078724362	-0.0170081946323847	-0.11966483849702741	-0.11892627193756132	-0.119503879297481	-0.11254110069303298	-0.02197937658894936	-0.11677200486868061	-0.021040496715964842	-0.017195217072800962	-0.12930984139954635	-0.11930171374649379	-0.06723765545387542	-0.12293966880524254	-0.018709899333267097	0.29987293364077483	0.30573333970200245	0.30897987924137366	0.30215709905612903	-0.021432938288558863	0.30486510577041465	-0.019015340826744727	-0.01617644604073132	-0.07079893323978756	-0.018315983837201476	0.30478049585933387	-0.06378684378433751	-0.07513518219763098	-0.021037101401037817	0.30574197418064053	-0.0283105884906363	-0.025949571318852026	-0.024081418308436242	-0.020038053794549347	-0.010023238900210561	0.30526041864143166	0.3068413633767846	-0.023880821835892657	0.3001234577328362	0.3066080985322427	-0.07080231248526549	0.30258628150627714	0.3170672681863026	0.31068285834090703	-0.017247711043890557	-0.11545639855597875	0.30693653572110086	-0.1259430133218944	-0.11642066382270551	-0.07115892538066106	-0.12590861617809737	-0.12221254088653635	-0.12059925804977065	-0.11819299337706048	-0.1223069633401797	-0.12566163898849675	-0.12565454428798273	-0.11932124701349717	-0.12220627085781259	-0.11990643470962276	-0.021332870368713	-0.11948810229554291	-0.11747429212341123	-0.11788209940734207	-0.12022008095546623	-0.1181636640502631	-0.12458718265788686	-0.11710031998738892	-0.12099647758670622	-0.11728597806083638	-0.11931181742452275	-0.023697060044872712	-0.11921805001642649	-0.11988059380477331	-0.12053626998469605	-0.1189264902850996	-0.11949982625891951	-0.11926751088452966	-0.11631838528863583	-0.12279252423289287	-0.11982755336667228	-0.11878981396931881	-0.07338092887441056	-0.12296433531341713	-0.11762828981699265	-0.11636775661743957	-0.11656450414507699	0.29973616261448116	-0.06698703350514525	-0.01983185051429753	-0.07006872350701181	-0.07058506303608435
0.32278996632434903	1.2211071413897803	0.5280815004108227	-0.12630379772602132	-0.027085947547433185	0.30857308518875975	-0.07687803407814524	-0.07798475373560701	0.3221373001005566	-0.13006389185976153	-0.12723720026532997	0.3073350213778492	0.31645887625306307	-0.13231278025826448	-0.1266442820279162	-0.12737119873323513	0.31438681270803265	-0.12163245533164713	0.30940255135705313	-0.027542481261398837	-0.08153937892262367	0.31366439119888023	-0.029639540872776676	-0.025858119792047572	-0.12598945506893217	-0.12534612793077082	-0.1253983514969938	-0.11830633713291111	-0.032054283579555476	-0.12251424294656577	-0.02961835004524868	-0.028286675193055194	-0.13423166220805655	-0.12500257198789902	-0.07509384906203129	-0.12604423287727323	-0.027070879343130013	0.30347238733266857	0.31252022513052125	0.32098634235616785	0.3049113747088308	-0.029941091603869135	0.31770275850234664	-0.02833048970474055	-0.025164491619091765	-0.0786071769663247	-0.028161189188409746	0.3077676842703925	-0.07243804481554618	-0.08166912597558741	-0.026745769019369488	0.309073300225575	-0.038362712702548034	-0.03152400028160785	-0.033113358063764094	-0.03059851223069939	-0.019405338839466352	0.3176404923495477	0.30524430108366246	-0.03238910531677386	0.32023318449169896	0.3225712600901199	-0.07735156188998972	0.3173663848050821	0.3361881829791826	0.3219940213737878	-0.028600001371744562	-0.12127687962485786	0.32310135427378117	-0.13117150863466767	-0.12236649445193623	-0.0772458168790835	-0.1308124864571583	-0.12900860071670964	-0.12679408883936835	-0.12342031796418051	-0.12668811054334403	-0.13063297310455896	-0.1326780245138228	-0.12521027305115237	-0.1286745622302353	-0.1262837130952674	-0.02800893163679249	-0.12608371324631634	-0.12306606850237768	-0.12422428845585726	-0.1252967324743838	-0.12374376274910262	-0.13005665106437736	-0.12230854160522384	-0.12576596273866308	-0.1242431884612548	-0.12491887581406397	-0.03391521090246572	-0.12458950721719658	-0.12578477549001355	-0.12430791714418817	-0.12449783744398164	-0.12610713647706404	-0.12431413066801678	-0.1208148253138261	-0.129064577712201	-0.1231356127045863	-0.1254895396431831	-0.07830878010556405	-0.12701676035078394	-0.12194710346990766	-0.12229451657828355	-0.12238457972899171	0.31161613621620904	-0.0748713070516523	-0.03050627000944353	-0.07828638455532436	-0.07752199254549919
0.32835949772278183	0.5280815004108227	1.2312908880425266	-0.12596087724442043	-0.028707558793412073	0.3143640264179187	-0.0781725175243055	-0.07973209394650538	0.32796264491488974	-0.1308277949193793	-0.12694992236266478	0.3155648707538424	0.3235214253421224	-0.1330564895810073	-0.12658894380801142	-0.1276697680922838	0.32121452517684684	-0.12109815753586517	0.3148440134563386	-0.028593064512723098	-0.08247003357770409	0.3189143439287505	-0.03007673912244032	-0.026898776434593097	-0.12581689735838916	-0.12502008816443944	-0.12503765155110771	-0.1180232994860516	-0.03340172128054581	-0.12241214941931941	-0.031236191147450413	-0.02933054972615928	-0.13464188702929294	-0.12471954200460457	-0.07532787672719514	-0.12654791892271378	-0.02834962952892511	0.3135468870856886	0.32241042211425286	0.3279246929956448	0.3157210854770802	-0.030932869930409407	0.32515120860402763	-0.029205821478617267	-0.026125344336403792	-0.07943626683410926	-0.0290944693474133	0.3166758594844468	-0.0726188636875641	-0.08296833398292959	-0.02950970274990231	0.319111220033172	-0.039848885964671794	-0.03460919655612433	-0.03487048844319536	-0.03136152265532058	-0.020546268822271986	0.32573342001873723	0.316831000803419	-0.03390734956931214	0.32342162722672474	0.3275315251211366	-0.07814576537223761	0.32337783200619197	0.34124331581824996	0.33034262539566844	-0.029101071897048497	-0.12086772968772194	0.32835725014361977	-0.13135488954579014	-0.12190168868679654	-0.07815306504842899	-0.13053034579267872	-0.12922459509948298	-0.12665249798604988	-0.12350088153098042	-0.12707639676473143	-0.13056181542296183	-0.13264026093188622	-0.12525204349011076	-0.12822938923799154	-0.12571759439003258	-0.030084008562007693	-0.12633803374406608	-0.12317853291066765	-0.12383031357045854	-0.12576173463870577	-0.12366279396283333	-0.13011598387956522	-0.12199048888319335	-0.12599402367929816	-0.12407306435393986	-0.12464677789050836	-0.034838298634324666	-0.12442404026967585	-0.12543875712256533	-0.12458073132815019	-0.12441941339231329	-0.12583408291507744	-0.12407474592845769	-0.12094754026989626	-0.12929380280073208	-0.12403984998076746	-0.12508517916902315	-0.07963795521613397	-0.12730369568976588	-0.12232361705344356	-0.12226707807217752	-0.12260837320971674	0.318692592808412	-0.0753114851805418	-0.03166884109874592	-0.07883339747081786	-0.07837239396200944
-0.12072612149996889	-0.12630379772602132	-0.12596087724442043	1.014488099751486	-0.08816812257170661	-0.11761610814155453	-0.06627554538283512	-0.06527982919965265	-0.12100076239312524	0.10455726479241097	0.1080563695715255	-0.12098096576637515	-0.11855358178563417	0.1043006217666737	0.10422600154258321	0.10242711753976026	-0.12151180875972	0.10516235060233162	-0.11584856921570603	-0.09113886720243636	-0.0639462379351162	-0.11900932272395541	-0.08890656656821103	-0.09160825675325487	0.10494552575880038	0.10357845330703255	0.10721589746197026	0.10496621959146465	-0.08785734517513129	0.10682358750761056	-0.09009353092315277	-0.09161624963103301	0.10808018157239171	0.10857606309648128	-0.06380458991133287	0.10530237280952158	-0.09041317620627144	-0.12226060469858642	-0.12257091715174265	-0.12272936980329688	-0.1232969823570962	-0.09055424313148791	-0.12220830641903528	-0.09024570507638788	-0.08914576417008617	-0.060219539182033495	-0.08836516651583022	-0.12180685145122935	-0.06320485787957271	-0.0629109157616227	-0.09187246234421015	-0.1262180129577674	-0.09433197470792004	-0.09320548231115333	-0.08990755114385568	-0.09102681310737623	-0.09558848493017467	-0.12194016774495493	-0.12273929781570342	-0.09008441786155726	-0.11737269691133034	-0.1204154128465405	-0.06235723744693339	-0.11978343932331424	-0.1227162764728346	-0.12334786332382486	-0.08991309469713461	0.10246618793225018	-0.12061221930560001	0.10904389757499189	0.09950185513823465	-0.06407546836549073	0.10824050542736453	0.1027813651125316	0.10531062173763506	0.10145474188117475	0.105354555701025	0.10809701077369145	0.10369005131438362	0.10388269975110538	0.10752885970533695	0.10356721837261285	-0.08964010726077119	0.1029925060930442	0.10045335586664735	0.10583342780567322	0.10212500558016185	0.10429442780008996	0.11126390648777501	0.10772031132464857	0.10622840974459669	0.1043953590250591	0.10670507260044045	-0.08720403109902822	0.10340268306013398	0.10517472741587529	0.10122326639468593	0.10387122343874837	0.10434967246663276	0.10670939977742198	0.10304357694895104	0.10722753463821615	0.10383252521182197	0.09836196767514899	-0.05924530770595722	0.10507943920074904	0.09666099714647708	0.1034172456218424	0.1022547885160359	-0.12162426213092488	-0.06293897829414496	-0.0899442347940812	-0.061620996382864536	-0.061614389151775154
-0.017446751637613157	-0.027085947547433185	-0.028707558793412073	-0.08816812257170661	1.140155603665056	-0.015322050860723238	-0.05455970046458217	-0.051867868127731094	-0.018897573474138372	-0.09430319227371955	-0.09648047194494241	-0.01568796101657471	-0.019324938613005882	-0.09571577540056589	-0.09680920955130144	-0.08979088577688747	-0.016852669793061985	-0.08874406702439488	-0.015754385599235816	0.2787658963006372	-0.051852181491156134	-0.013109175184735781	0.2730915895911034	0.2729606545667182	-0.08935616830072396	-0.08880609501094335	-0.09332178375811534	-0.08717438005943365	0.2710541029785854	-0.09049339913999359	0.2752504831431032	0.27019517123952325	-0.09663848700686702	-0.08962502280136839	-0.05116936536622447	-0.09125618900577506	0.2720437704786228	-0.018938873221469418	-0.01775619469368975	-0.01637502564128882	-0.020050535977580945	0.2702297953152004	-0.013915670128294427	0.2740778343926326	0.2631834231758446	-0.05249220633225991	0.2655550892027042	-0.0199099208256784	-0.05226614950915459	-0.05376063037511386	0.2629442251539645	-0.010204605303561078	0.301494907621588	0.2725259179599426	0.2685774517989934	0.2682991143395434	0.26323315824488885	-0.02152476858918614	-0.018699257765096813	0.27246353381922644	-0.017888956858392452	-0.018033980247029884	-0.046086840221891405	-0.02077974018638371	-0.023212496933551603	-0.02214154551053469	0.27460149551498086	-0.09092455097063007	-0.01882601866138931	-0.09479700387768693	-0.09129311406092179	-0.0522120771505525	-0.09898198570425346	-0.09552161732492671	-0.09222019239611726	-0.09053369549755727	-0.09378668832535345	-0.09844666004117378	-0.09515646363383787	-0.09261597836830648	-0.09033389401755187	-0.09070274371508981	0.2644707250688581	-0.09334417781713285	-0.090061024322547	-0.09174712039768419	-0.09163048308500352	-0.08872208771356702	-0.09572915082231984	-0.09240851502323978	-0.09006179804742691	-0.08894218686200724	-0.09161053091250945	0.266032834580759	-0.0909865186545245	-0.09356911570774244	-0.08840283531448302	-0.09146903336746512	-0.08979907034441671	-0.09210222075664773	-0.09064176647916686	-0.09802542370674787	-0.09528382901768725	-0.0921667232863273	-0.05386861385565508	-0.09523051789064513	-0.08864256002498976	-0.08872540486698798	-0.09317071144211837	-0.01575399146386027	-0.055920998138702806	0.25942700765033355	-0.056637280312734094	-0.055709470444340076
0.2941064926774087	0.30857308518875975	0.3143640264179187	-0.11761610814155453	-0.015322050860723238	1.1760234486886816	-0.0670443485816394	-0.06932264596924585	0.29532363771537007	-0.12245959404300397	-0.11828370396578243	0.28727423970419486	0.2911463458393168	-0.12423796250465007	-0.11801567875168256	-0.11806810033596084	0.2905141592213467	-0.11241429972140533	0.2813958994362488	-0.013692638498245962	-0.06940227584112126	0.28470183772894286	-0.01546771821667941	-0.01286029348538387	-0.1172405265226364	-0.11686035754016885	-0.1168028328820882	-0.10986983344224555	-0.019389154776716964	-0.113938918688453	-0.0158395364813278	-0.014275159511325072	-0.12495899315523919	-0.11605566496853949	-0.06382295289840555	-0.11856718188783108	-0.015672633434508525	0.2824458014104805	0.29161612313882745	0.2924542097490357	0.2882117105757405	-0.01711481326808093	0.2934553070352624	-0.014198877611929204	-0.011238127001692282	-0.0671085768048443	-0.015020046370531335	0.2891287604453048	-0.061843259167009015	-0.0715491695251863	-0.01640806186956125	0.2896135741836651	-0.023449688565183893	-0.02079444922797162	-0.021338930391559523	-0.01634352351551541	-0.008091043024146581	0.2876145675825234	0.28809658247182085	-0.018822694545699657	0.28848805831989294	0.29316972487638615	-0.06665570935535507	0.2904609165611599	0.303412308489499	0.2962098581695505	-0.013502195678060389	-0.1127836566080467	0.2942473776169568	-0.12182649431575762	-0.11292690043674378	-0.06774592922229841	-0.1233667989851541	-0.11909329843600673	-0.11687512329142617	-0.11502934115515324	-0.11924016281830585	-0.12321923998116582	-0.12178076085986128	-0.11763338597657048	-0.11960446166307014	-0.11635074359709727	-0.016862448338412443	-0.11754784810841483	-0.1159275867491195	-0.11450600075922249	-0.11731791758609988	-0.1153815440381678	-0.12105095156108381	-0.1142215222993914	-0.1177434363842638	-0.1155723610346792	-0.1162975196658212	-0.018582183368930125	-0.11467355623909335	-0.11699008818744111	-0.11605644436514434	-0.11637128358991193	-0.11746882388838228	-0.11622367477179156	-0.11276528771891814	-0.12152150583637711	-0.11716807973913716	-0.11567160324248361	-0.06944059541147805	-0.12054303073881029	-0.11424714075112069	-0.11483452431431038	-0.1147442534059513	0.28738171425938874	-0.06430399878447338	-0.016876506415785753	-0.06640864771345642	-0.06723337134971548
-0.07173597206351437	-0.07687803407814524	-0.0781725175243055	-0.06627554538283512	-0.05455970046458217	-0.0670443485816394	1.2167162564315643	0.3309998613478006	-0.07097877691272275	-0.06305178919403362	-0.06565489670644402	-0.0678034324860524	-0.07302673288156815	-0.0627260074621977	-0.06371795836646384	-0.05590161145935654	-0.07105087604127779	-0.06179989827426459	-0.06926252087948964	-0.05709290115050421	0.3517151345557545	-0.06947143517036083	-0.0562670282673295	-0.056013871420579876	-0.06163060794075608	-0.05855538726973408	-0.058792933739314705	-0.0585447629192467	-0.05416280041844515	-0.06406176242411085	-0.057498466433237604	-0.054311433396318685	-0.05805247087168206	-0.06439253404471636	0.35184041757552625	-0.06072345336291315	-0.05686515697304721	-0.07086884812545119	-0.06935738135989021	-0.07168418473633302	-0.06854540215086995	-0.05638307572909491	-0.07424178623623878	-0.057093991945606014	-0.050596749756385	0.36221114994789716	-0.05312184329248753	-0.06700727846174002	0.3314247128975713	0.341369901826648	-0.05290697083397432	-0.06982318535986586	-0.06133822476601285	-0.05912544066954237	-0.06006857667078912	-0.05416740992095822	-0.0546346574071168	-0.06960457318911646	-0.07008558758821845	-0.049374445364841424	-0.06659539948969215	-0.07067645000157252	0.34157037644163407	-0.06929448351579898	-0.07312777541003583	-0.07201979394209955	-0.05507532412679365	-0.06112454644268885	-0.06695658599311526	-0.06692373492182943	-0.061309695034266636	0.351175960619517	-0.06855785650696797	-0.06135268796739622	-0.05999126160472245	-0.058198659639668165	-0.06188786436541326	-0.06755776090370415	-0.057546765938482486	-0.06220603691655966	-0.06079161195291293	-0.06061511272110112	-0.05160747666486789	-0.06317763998161686	-0.06034374063778348	-0.06140774196646236	-0.06264236292970367	-0.06248911606084399	-0.06887296708532153	-0.06110425422948498	-0.06193425705101496	-0.06011887592396013	-0.06288860339926569	-0.05438905870304729	-0.06136874169117131	-0.06031390738353016	-0.06140003445686113	-0.06006613974425253	-0.0613340140364983	-0.06132771701721623	-0.06067077930769228	-0.06621635125641682	-0.06008862982904211	-0.0639731460980404	0.33967374868051753	-0.06497876287610935	-0.061427266082436184	-0.06433073804667819	-0.06655333572918073	-0.06865921811053208	0.3481850493693701	-0.04606660596236878	0.3474634729635578	0.35411688850522405
-0.0728837617993246	-0.07798475373560701	-0.07973209394650538	-0.06527982919965265	-0.051867868127731094	-0.06932264596924585	0.3309998613478006	1.2062154785007153	-0.07323613732952274	-0.06058842209886339	-0.0669903658040201	-0.06876721489745655	-0.07267295032003675	-0.06333922100998302	-0.06648957392429647	-0.05223876799101697	-0.07259923867015303	-0.06224419092993637	-0.07030451986358109	-0.05244976845790369	0.33866138028776355	-0.07129572578405675	-0.05247127554565709	-0.051335361592969996	-0.06195112139960677	-0.059038016105049766	-0.06049562983845485	-0.05860897122328764	-0.050226262840242994	-0.0652295326907711	-0.05408100856316524	-0.05338036833515979	-0.055302426757516066	-0.06344572686713587	0.3451066103809682	-0.058788347197937976	-0.05380760250615525	-0.07005988880930916	-0.0725618470334392	-0.07390504251212959	-0.07210974533741767	-0.05139976600317475	-0.07342226678984365	-0.05247907671056939	-0.04763533578617954	0.359827885839615	-0.055214365057573864	-0.0694639314589455	0.33139389016495135	0.34451393705044087	-0.05093744209843028	-0.07348606379124799	-0.05783015774027686	-0.05643595519348953	-0.04969780455253636	-0.05111720825117372	-0.052693845350738046	-0.07183395374824293	-0.07118729451697044	-0.0483030800170738	-0.06861764727576256	-0.07263110278766023	0.33571546477301933	-0.07112102624916436	-0.07437448257934304	-0.07184810085778355	-0.05025585554345739	-0.0614887445547862	-0.06952267448030776	-0.06410114489297819	-0.06210855664696666	0.35040625505943146	-0.06717776260371576	-0.0593248572784782	-0.05997029959384162	-0.05603845012373317	-0.0617411744659957	-0.06721067645024652	-0.0581222931886958	-0.06380855638783688	-0.06133624084622488	-0.06030086040533883	-0.04629909424548906	-0.06412759990320506	-0.061624641599093456	-0.06129543294324648	-0.06514011342494869	-0.06170672011923756	-0.06653142355734329	-0.06056359569865962	-0.06360547897423666	-0.060868653942558186	-0.06116014334304812	-0.0479868784955044	-0.06196158315733084	-0.06075764221275069	-0.06056973140875819	-0.05989649756926141	-0.060798642824875695	-0.0597112033452938	-0.060814940412077904	-0.0665868591084081	-0.058739832818806195	-0.06359783089848906	0.3448624192330152	-0.0638830685458016	-0.06389560417782111	-0.06520938086469039	-0.06532178514078142	-0.07082241081785089	0.346188271254297	-0.04338373942635257	0.34531916365845194	0.3523730400107225
0.30836118938248175	0.3221373001005566	0.32796264491488974	-0.12100076239312524	-0.018897573474138372	0.29532363771537007	-0.07097877691272275	-0.07323613732952274	1.1932816927095586	-0.12486200649925785	-0.12114924433245555	0.3009957188323713	0.3043049200863428	-0.12750216962287783	-0.12086617520404647	-0.12111622122643098	0.30332426814693203	-0.11465315176223519	0.2932950215373503	-0.017318327520948838	-0.07453272444270785	0.298913389721639	-0.01813479350706126	-0.016986825620581632	-0.11990514877763109	-0.11918880103640532	-0.11916050926254516	-0.11230997591765485	-0.02357839834847428	-0.11669926756177514	-0.02148017890563283	-0.018104210336556584	-0.1295345297037728	-0.1188047983903951	-0.06697267523628793	-0.12162357231521341	-0.01858759782889828	0.301302949099569	0.3080425166369126	0.30760491653509453	0.3029566507015941	-0.02092422580257497	0.30658804816661733	-0.01770130059583994	-0.01613759808791964	-0.07096203829539718	-0.017738970008215144	0.30329237251914903	-0.06311962091241043	-0.07501417175261159	-0.020540090404354738	0.30794629446844146	-0.028146440931889668	-0.02634918100871844	-0.02209919749714682	-0.021100893600262568	-0.009099678252854154	0.30716726868718347	0.3066005400188489	-0.024458063044681674	0.30017933495831234	0.3068193202371956	-0.0715006995619852	0.3048350487665494	0.3172893904190055	0.3116381613790069	-0.01652261260273063	-0.11535423753735947	0.3074909293067626	-0.12473947589788437	-0.11492800687072838	-0.06990957379481337	-0.1250234522877918	-0.12338665511722832	-0.12006727223037687	-0.1176899700869051	-0.12193429319489836	-0.12490205821119799	-0.12562580847695867	-0.11954275260225204	-0.1219399235184725	-0.11924444901414777	-0.022140347627430418	-0.11979076318152793	-0.11778470221243345	-0.11784084661904017	-0.12106325849258931	-0.11777983144054241	-0.1237813573565577	-0.11659527167005805	-0.11995322597335942	-0.11798654700365978	-0.11886669589454577	-0.023539002545421586	-0.11795547052603966	-0.11937649692687032	-0.11937966261033281	-0.11877249885760963	-0.11932901914918322	-0.11851782366913323	-0.11564727603434463	-0.12325709763416332	-0.11897820968299604	-0.11772229079682654	-0.07296237488325474	-0.12203242697490367	-0.11714015416971509	-0.11722465196378398	-0.11791434236820497	0.300127047930297	-0.06680135032035835	-0.020941913033520887	-0.06975717896827509	-0.07002913329909635
-0.1264681941732234	-0.13006389185976153	-0.1308277949193793	0.10455726479241097	-0.09430319227371955	-0.12245959404300397	-0.06305178919403362	-0.06058842209886339	-0.12486200649925785	1.0431675550388624	0.10646984213879294	-0.12540063008633706	-0.12296899821036593	0.10109368227176561	0.0993846942565619	0.10069917812315461	-0.1238924416209334	0.10636574510693157	-0.12068148929632566	-0.09827465433970053	-0.06057274798617685	-0.12353699707510077	-0.09503997319730459	-0.09685384246169639	0.10511931689099507	0.10235116604013021	0.11013418358811862	0.10750893019891765	-0.09515587744972023	0.10602136383632095	-0.09631044569688389	-0.09684533568880088	0.1022811934572344	0.11037576640178492	-0.06439730554410943	0.10142846811991459	-0.09560914475331601	-0.12470475364005532	-0.12598628329076594	-0.12858808130663216	-0.1274761531284617	-0.09536602126914699	-0.12596251404744388	-0.09637972746244411	-0.09551915789581701	-0.06121985420434813	-0.09450325412862269	-0.12485546714958749	-0.06329514713776666	-0.06152727677294152	-0.09635806958853488	-0.13025281994996893	-0.09982904367518708	-0.09856387574789888	-0.09541198425606627	-0.09373936618718869	-0.09792870892918795	-0.12627209622086055	-0.12522847574965257	-0.09488335130835283	-0.12216695382149557	-0.12501501428787468	-0.0636701652409289	-0.12495126041619381	-0.1266809589921523	-0.12610913628028947	-0.0954915486188263	0.10515236928963652	-0.1253377662721797	0.11174546822602048	0.10066634327543172	-0.06340036086649146	0.10646443766755945	0.10656351589254812	0.10046198696246729	0.10081340860674995	0.1106524540813555	0.10643430269833924	0.09972359236408557	0.10420778052259062	0.10680447185114458	0.10848969392695275	-0.09351052027727078	0.10486678291381057	0.10293469293648909	0.10408903432323247	0.10094836221503496	0.10689860937783757	0.11408275014936367	0.10502439104036163	0.10875512299309101	0.10869459241442034	0.11101419957159062	-0.09175719188745618	0.1025457066190322	0.10462960829368707	0.10004706199105519	0.10643881156079027	0.10423026801357028	0.10663292256447421	0.10529330771574934	0.09587127949302444	0.09513134901975598	0.10073657118914082	-0.05925055947888754	0.10504073186673636	0.09971846076288711	0.09939815366772861	0.10050330296052708	-0.12548661539018766	-0.06290600072216342	-0.09492983480466181	-0.06250719246660166	-0.060596515722695435
-0.12121865184503842	-0.12723720026532997	-0.12694992236266478	0.1080563695715255	-0.09648047194494241	-0.11828370396578243	-0.06565489670644402	-0.0669903658040201	-0.12114924433245555	0.10646984213879294	1.0219724711457838	-0.12236730279390949	-0.12009655676520863	0.11295865757947264	0.242729072013176	0.10380386822167138	-0.1212449388243773	0.10872899778944842	-0.11620434483960176	-0.09807885145472163	-0.06444568199877435	-0.11976662583414545	-0.09486310659554581	-0.09762637821489777	0.1097075800015629	0.10756759521097271	0.11022213700740012	0.10749218729911202	-0.0949017602318078	0.11100495756321202	-0.09726086912467825	-0.09737905715280502	0.1089718457714999	0.11072730926307137	-0.06463876292977239	0.10839081026781443	-0.09672657734653127	-0.12194629375944441	-0.12775284676153445	-0.12427089383754655	-0.12262418453740007	-0.0966779347814857	-0.12438849231802863	-0.0963086248753057	-0.0955994314254572	-0.060882862947953816	-0.09536703961622126	-0.12127819439010197	-0.06068672062474639	-0.06424455073162987	-0.10047852234095223	-0.12600606086675165	-0.10095629117812657	-0.10042457020993861	-0.10009032535997062	-0.09736688416836638	-0.0997309307564025	-0.12483951176599889	-0.12367850578740106	-0.09758878077591658	-0.11732768269451554	-0.12097756860085888	-0.0630508396488706	-0.11986816238896708	-0.1228770242125456	-0.12333237272789842	-0.09586216218165813	0.10817017457369149	-0.12138377380785206	0.11252095611904035	0.10725857570627541	-0.061998803087310025	0.11539652251482604	0.11059768328728736	0.10578344132517861	0.10593993745077146	0.10850083248765711	0.11527475790604394	0.1075218275453826	0.10655179935979052	0.1118566208766052	0.10929897683389242	-0.09531100907089693	0.10720105742433043	0.10683827346723915	0.10967629710549069	0.10745510665549361	0.10887314023529884	0.11525908048885769	0.10950946267197077	0.10986815225468752	0.10775592611329449	0.11104894079630645	-0.09276731621587862	0.10749154705617198	0.10908561552494768	0.10799061596038961	0.10947259993703165	0.10856499131150546	0.11009168611482109	0.10700819676776527	0.10730212301028294	0.10501693933675779	0.108128435162113	-0.05971004623972337	0.10883772716314147	0.10594832773682716	0.10586138313467093	0.10808687065956694	-0.12166647359145087	-0.06059174437382148	-0.09616601938563094	-0.06065789271358877	-0.062019775928925484
0.30168226464081616	0.3073350213778492	0.3155648707538424	-0.12098096576637515	-0.01568796101657471	0.28727423970419486	-0.0678034324860524	-0.06876721489745655	0.3009957188323713	-0.12540063008633706	-0.12236730279390949	1.1806510279626166	0.29646585672120734	-0.12802154305831515	-0.12206912170122194	-0.12165522581460698	0.29194144455753884	-0.11566935010641494	0.2868063866303529	-0.013338228826798859	-0.07273883200118685	0.29030718529696214	-0.014109227153160995	-0.013255028697127183	-0.11979992651062663	-0.12015580071265419	-0.12056925468228645	-0.11301908894074164	-0.019529016307687042	-0.11779000712225283	-0.015947319490729465	-0.013940026993558466	-0.1270214812910717	-0.11918361627795371	-0.06424586938043565	-0.12220205285082936	-0.016077974972780126	0.2868645932959714	0.29657478329097364	0.3000237886769137	0.29406176485333135	-0.016778461190758973	0.295301272418035	-0.013954649287240701	-0.011935078769975453	-0.0682950357169483	-0.014668060007182758	0.29608267789438875	-0.06109235536781456	-0.07115976782154125	-0.013940130204118642	0.2952117479190697	-0.022912306239676265	-0.0180321989456241	-0.021940857382037684	-0.015570614214678185	-0.007341653295235932	0.2946066275798925	0.2926148899975775	-0.017710278273648065	0.2955115434761945	0.29838274618916616	-0.06819354108854749	0.294911030103768	0.309651754502227	0.30091278083830275	-0.01280790034356816	-0.11544823465175351	0.299899734714823	-0.12517085753304974	-0.11635679460695121	-0.06850973742484212	-0.12652644331413518	-0.1237361989059152	-0.12007151917843106	-0.11919175607301803	-0.12275840912144291	-0.12637674442588837	-0.1260041155131324	-0.11962126466917816	-0.12209857750186161	-0.12027971917348684	-0.017349997627308496	-0.12042924007220793	-0.11927028091568752	-0.117936664190853	-0.12003566233846567	-0.11894668810977813	-0.12454517747719336	-0.11783534325579852	-0.12140774145869758	-0.1189030754559579	-0.11944696568070695	-0.019459142129939502	-0.11877046043723	-0.1198239339823714	-0.12202590970779825	-0.11976905177683286	-0.12030892685938409	-0.11956909876440339	-0.11678333806379593	-0.1251308269674881	-0.12053062139977921	-0.11879281053605907	-0.07120146109071943	-0.12374986811065541	-0.11775351174202302	-0.11787224572423328	-0.11824822489988934	0.29444623388884816	-0.0656293344346254	-0.017228205384440545	-0.06735130873629645	-0.06876253913654481
0.3038388714117245	0.31645887625306307	0.3235214253421224	-0.11855358178563417	-0.019324938613005882	0.2911463458393168	-0.07302673288156815	-0.07267295032003675	0.3043049200863428	-0.12296899821036593	-0.12009655676520863	0.29646585672120734	1.1882191146390435	-0.1259374282791705	-0.11963969685461386	-0.12081315740827551	0.2991087753464848	-0.1138253393562948	0.2918447738758299	-0.0178820467478187	-0.0734350580777369	0.2950872981009105	-0.019099529975831794	-0.018370615328548192	-0.11912675818321919	-0.11824037039799133	-0.11819515870310623	-0.11140955323519587	-0.02434053704997282	-0.11593392710456692	-0.022347218962203576	-0.01826615367640354	-0.12779917900292034	-0.1180361900869733	-0.06692697948860825	-0.12098550540581553	-0.019705162947304306	0.2983953769212762	0.30173629911618255	0.30265854463497854	0.2987610870371624	-0.021445716823191317	0.3040317528644945	-0.019342954873890955	-0.017492535788070432	-0.07070709415554978	-0.01962465421162157	0.29824487897539287	-0.06333126797547002	-0.07549605079781341	-0.02139459829041752	0.3020040772248925	-0.028998299505580465	-0.027048432342748997	-0.024484901346985603	-0.02190773270699014	-0.012138542530827232	0.2997337553459433	0.3037877724960973	-0.02439128858580502	0.2976508873567638	0.30196044402207073	-0.07061047064979603	0.3014892384128246	0.3137405296649319	0.3062185553871428	-0.01781492529228136	-0.11435599967300136	0.30421385760585795	-0.12415655028798353	-0.11457368229263608	-0.06934410991830946	-0.12414450372787611	-0.12192322255026931	-0.1197485635667323	-0.11503384626617193	-0.12082352695274746	-0.12355107195763093	-0.12445480786022461	-0.1188575647895985	-0.12066179922550987	-0.11890683407830467	-0.021490389130301636	-0.11986506057988432	-0.1171192564624235	-0.11625358130837911	-0.11901204732919039	-0.11742414763949832	-0.12311973836380047	-0.11590667439161328	-0.11940760089084888	-0.11777149219326484	-0.11752325208017272	-0.023671294007500975	-0.11710573271769015	-0.11777529261633123	-0.11896074766213494	-0.1176921193116343	-0.11824238256992693	-0.11767471141758964	-0.11498899206459455	-0.12358729310956684	-0.11800675060109908	-0.11699171361356965	-0.07308183546639567	-0.12105153816794328	-0.11598548378216293	-0.11579821060709815	-0.11653753215641319	0.29858202233456055	-0.06767457228208666	-0.021492880976045185	-0.06847001961805933	-0.06988999113591446
-0.12668603820540952	-0.13231278025826448	-0.1330564895810073	0.1043006217666737	-0.09571577540056589	-0.12423796250465007	-0.0627260074621977	-0.06333922100998302	-0.12750216962287783	0.10109368227176561	0.11295865757947264	-0.12802154305831515	-0.1259374282791705	1.0407318068053695	0.10934824372107815	0.09978015895657111	-0.1263427634958184	0.10688324280978892	-0.12191572334007353	-0.09946202596332132	-0.06474066294826157	-0.12506746427729948	-0.09638169653583395	-0.09889581016304935	0.1106407184179243	0.10413564577034846	0.11114966362442814	0.10905392151215947	-0.09567918685410627	0.10791578042624667	-0.09694609019208542	-0.09569991156586259	0.1137339094512158	0.10939145186960383	-0.06691891660918027	0.10656761110328905	-0.09788798738444608	-0.12498820808395919	-0.1260867984318299	-0.12802627210707246	-0.1276414130290339	-0.0968275553831565	-0.12828297445571427	-0.09697235953154333	-0.09677607355338051	-0.06344541561937941	-0.09454207688615565	-0.12551353657494976	-0.0633499792576679	-0.05994064346743703	-0.09966166025266633	-0.13126838832500154	-0.10111679085938863	-0.09887978645558437	-0.0952329108028985	-0.09688444827799268	-0.09845786773273003	-0.1274283196363171	-0.12786635889100212	-0.09810316445264755	-0.1231174040274127	-0.1258880528042438	-0.0643393101507039	-0.124308059809864	-0.12802607366619137	-0.12790036363060123	-0.09740217924865896	0.10594330398291274	-0.12774536886086488	0.10895444089906133	0.10209559783383455	-0.06716664132084466	0.10722261209421295	0.10521207995397674	0.10488314641808677	0.10540347183605252	0.10695738192029401	0.1076663429791209	0.10167607548145427	0.1067364667125009	0.1110392047819695	0.10748809191708751	-0.09360635660798784	0.10055665998281811	0.1052419147194106	0.10709890660913704	0.10913861546626448	0.10933485617520362	0.11290882733356879	0.10751737086707613	0.11141220423667748	0.10654282257361754	0.11192857524673377	-0.09198976056885982	0.1046810078033482	0.10700011027299405	0.10447320242132381	0.10392691330994705	0.10710427339548685	0.1093236396789853	0.10268335413172522	0.10091583269656441	0.09764503338410943	0.10484991662241934	-0.06154596845900691	0.10369538583123288	0.09828044293982406	0.10496548366314173	0.10324260273721056	-0.12631828976536544	-0.06475031438487792	-0.09986042385374751	-0.06378354258997684	-0.06407604103631993
-0.12066146306900344	-0.1266442820279162	-0.12658894380801142	0.10422600154258321	-0.09680920955130144	-0.11801567875168256	-0.06371795836646384	-0.06648957392429647	-0.12086617520404647	0.0993846942565619	0.242729072013176	-0.12206912170122194	-0.11963969685461386	0.10934824372107815	1.0209541881824118	0.09847813649181524	-0.12078066130998473	0.10632551773684011	-0.11623022753450232	-0.09827962451382041	-0.06392730191485352	-0.11950470275995972	-0.09478309772835351	-0.09795996687984555	0.10666249505982554	0.10434708495115147	0.10775503037012968	0.10658529352321243	-0.09498505780928385	0.10920370689873857	-0.09782771140932969	-0.09698317667402113	0.10316978598245725	0.1080312333648142	-0.06383576330225094	0.10449930665157385	-0.09726046358397863	-0.12016581270562883	-0.1277699356157709	-0.12421656117777022	-0.12125997176903745	-0.09670783981930112	-0.12415942453342327	-0.09658360658545997	-0.09589847229071367	-0.06027669136355163	-0.09609411104729826	-0.12063911205829338	-0.05897725854949818	-0.06340651603287066	-0.10020932509655286	-0.12507092407302195	-0.10155143924331726	-0.09977797896959148	-0.09952259617550253	-0.09795178031004022	-0.10017007293849682	-0.12419894988084146	-0.12288568896412523	-0.0980233164927237	-0.11700496958211289	-0.12085502812161239	-0.06295734433331707	-0.11995368776419903	-0.12287446188408309	-0.12354425246285014	-0.09631879162201613	0.10576511403627992	-0.12111939933604988	0.10744852228802769	0.10394865489443468	-0.06058903867203473	0.11047647753325138	0.10644005217740189	0.10110249086824454	0.10284367688681877	0.10383192418431914	0.11066700810080915	0.10263789067215853	0.10119623552037271	0.1092862529703516	0.10655933836785902	-0.0955479420596887	0.1022304445438039	0.10348460728076662	0.10682228271949876	0.10377185398798329	0.10627548650222697	0.11138975499135813	0.1060923511181178	0.10666732017183614	0.10503344811614493	0.10888506583637604	-0.09312704676463371	0.10346609446666957	0.10509162814552943	0.10465919847676274	0.1066470831471468	0.10518307202337679	0.10729339754772538	0.10407977495770551	0.10097099508859143	0.09984631581451033	0.10504862550217132	-0.05866527556272141	0.10453908553552357	0.10313099721172915	0.10179586955043021	0.10497462106822472	-0.12170747183459346	-0.05868774564789572	-0.09620879441929747	-0.05922596164859238	-0.06098742458438927
-0.12137268865168888	-0.12737119873323513	-0.1276697680922838	0.10242711753976026	-0.08979088577688747	-0.11806810033596084	-0.05590161145935654	-0.05223876799101697	-0.12111622122643098	0.10069917812315461	0.10380386822167138	-0.12165522581460698	-0.12081315740827551	0.09978015895657111	0.09847813649181524	1.0163333523275357	-0.12032557383795024	0.10357150658768405	-0.1169316695793707	-0.09399155008026201	-0.054335201302932915	-0.1206032463455317	-0.09124115551561304	-0.09303030817085277	0.10137991161446118	0.10145707707497621	0.1032433220151853	0.10248868521958489	-0.0906454965650808	0.0993941876322052	-0.09183052922402277	-0.09318858340652104	0.11094620447792938	0.10150094595841806	-0.05648265331182696	0.10279284883673216	-0.0934753240264211	-0.12157816988903045	-0.12613750079229288	-0.12379959691272936	-0.12215246283734772	-0.0925939812914573	-0.12367142095130634	-0.09318506795952154	-0.09080933076939923	-0.0535844479068716	-0.09014599959470872	-0.12102832965190997	-0.05535373780375446	-0.053494152390183014	-0.09437063199865987	-0.12604120095588184	-0.09659527714832354	-0.09646709507240497	-0.09295111043308214	-0.09065841668254637	-0.09413137602263962	-0.12396172747176708	-0.12443887143558986	-0.09337278565278365	-0.11814853091493314	-0.12132265772427299	-0.05482474076789978	-0.1200900283913275	-0.12261187278098049	-0.12207229831270552	-0.09205620207086833	0.1000840294167919	-0.12114754259227203	0.10394365837623977	0.09425839301826666	-0.05719089424088181	0.10328143203526603	0.10457342687295522	0.09971406745666017	0.09638328002986517	0.1011015821905971	0.10295201438990347	0.09943998505200141	0.09935458821328019	0.10408757393448771	0.10172134263481913	-0.09037125513957575	0.09833200207723705	0.10127395167704654	0.10134631628675278	0.09452373144331497	0.10416270743350252	0.10700736438944783	0.10284270262350174	0.1036245118084176	0.10153514873039211	0.10570224615605861	-0.08787645262014353	0.10051362849036229	0.10269854416088366	0.0994055931856717	0.10248870699138538	0.10011993669017297	0.1025642563253498	0.09960083198825512	0.09611503473020433	0.09595222200068762	0.09659346430365784	-0.05328913849206308	0.10150513230851949	0.09428238950897226	0.09755648847809496	0.09888295202866015	-0.12257700783500478	-0.05525834425705821	-0.09164553794250646	-0.05288005051329836	-0.05510140921250194
0.30506841837225696	0.31438681270803265	0.32121452517684684	-0.12151180875972	-0.016852669793061985	0.2905141592213467	-0.07105087604127779	-0.07259923867015303	0.30332426814693203	-0.1238924416209334	-0.1212449388243773	0.29194144455753884	0.2991087753464848	-0.1263427634958184	-0.12078066130998473	-0.12032557383795024	1.1810172985672505	-0.11457003160650725	0.28933977830913266	-0.01592166672052134	-0.07210778694387392	0.29236469469602194	-0.016725881739976006	-0.01509509334329442	-0.11944935718984044	-0.11920535764105288	-0.11891578809635855	-0.11264853324440201	-0.021571100147731233	-0.11774167432544115	-0.019152927394034316	-0.01586725172048309	-0.12908907526736402	-0.11925091167624956	-0.06691419874466603	-0.12145478128200193	-0.016975030313831494	0.2935634512487985	0.2961872863474436	0.30419574429590895	0.2967229073642551	-0.01902466448088125	0.3004869147700888	-0.01761075969103059	-0.015143288574641535	-0.07084381747993304	-0.01812969051502453	0.29464718011233887	-0.061470969497503296	-0.07262902557924926	-0.01789468409768018	0.2974835727355267	-0.02626858807299739	-0.02512624122024279	-0.02042768756128916	-0.019524379952539826	-0.005224242386020066	0.29601831984717053	0.29402006153820814	-0.02039472957937338	0.29678442506484687	0.30081566779477065	-0.06900608976589671	0.2962756033188767	0.31219706754879756	0.30402231938130825	-0.015543067238810987	-0.1148337479873637	0.301857792108071	-0.124777652165342	-0.11435609282570235	-0.06889172781896713	-0.12526927719765835	-0.12361629568460908	-0.12089871007537656	-0.11798410820354317	-0.1221173036340949	-0.1252448013359634	-0.12666120975665268	-0.12029898192585835	-0.1220661780783176	-0.11896897931737845	-0.018455067048690852	-0.12001503661261473	-0.11822750899481752	-0.11836105516785962	-0.11977654419913898	-0.11827008951070182	-0.12384851720640787	-0.11613142415348932	-0.12074903245667261	-0.11789458069938714	-0.11894773750375626	-0.022718018906666214	-0.11951719710642056	-0.11794222714053303	-0.1198220762411978	-0.11862349746458431	-0.11893318813996479	-0.1188965432138222	-0.1165738998138799	-0.1256054859810342	-0.12155356920376766	-0.11760824184050087	-0.0718055054484092	-0.12249942022699395	-0.11941366555792716	-0.11770542353509471	-0.11726619880395504	0.29509387338428206	-0.06658169140025293	-0.01808241017822962	-0.06879165787734347	-0.06985876087190616
