1.17591932973	0.303224924143	0.309348583306	-0.114156467159	-0.0183766834149	0.275922801033	-0.067536430318	-0.068597471702	0.289918021004	-0.120013156867	-0.115274488052	0.283091096135	0.286069982618	-0.121455752696	-0.114804740799	-0.1155310478	0.284206620169	-0.108310657369	0.276308940035	-0.0179552333156	-0.0698309560437	0.27822740304	-0.0173250493925	-0.0165495244997	-0.112906103867	-0.112552816064	-0.111761802514	-0.106149911895	-0.0212530368566	-0.111210232656	-0.0210411275669	-0.0175133914917	-0.123886526594	-0.11333759883	-0.061947370903	-0.114835556008	-0.0171877044571	0.279906941762	0.284361928576	0.288684279618	0.283142232344	-0.0205356879941	0.284869238334	-0.0187677722749	-0.0164037405591	-0.0660675258435	-0.0184808556395	0.284679337821	-0.0592622310161	-0.0696040865272	-0.0204132463626	0.286494649379	-0.0263142485289	-0.0243915713969	-0.023548560701	-0.0201677906273	-0.0115932816984	0.285937613663	0.285271987181	-0.0235171393379	0.282635030664	0.287193353537	-0.0653858115922	0.284584178586	0.298293146938	0.291301843074	-0.0179776629379	-0.109302339098	0.28716128062	-0.11887320243	-0.110079371776	-0.0661849317028	-0.1187579978	-0.115316065526	-0.11457109203	-0.111643505456	-0.114734437843	-0.119092647061	-0.118563059583	-0.11237023083	-0.115355904187	-0.112423723528	-0.021183885933	-0.111811794356	-0.110502916365	-0.111467258202	-0.113595250587	-0.111129763402	-0.117387256099	-0.110267647898	-0.114224709416	-0.110250800315	-0.112520956074	-0.0232612746559	-0.111706222234	-0.11340851538	-0.114003336037	-0.112749517075	-0.112538170961	-0.113465186099	-0.109596667143	-0.115760569802	-0.11391958126	-0.11198466603	-0.0684536994009	-0.11584650999	-0.110623521809	-0.11024058872	-0.110259215039	0.280807816411	-0.0620573607346	-0.0191486458708	-0.0653633349054	-0.0657474044433
0.303224924143	1.19759423012	0.490519135366	-0.119357547781	-0.0279126125239	0.289613661743	-0.0719171133392	-0.0722813097728	0.303402241345	-0.123448493998	-0.121145728026	0.289100546405	0.297431358424	-0.126151524476	-0.120670574109	-0.121191911069	0.292457506365	-0.114557736892	0.290942225822	-0.0280932484261	-0.0761323939284	0.293425644645	-0.0288996127775	-0.0249024835567	-0.119438092949	-0.118354351889	-0.117653969969	-0.111550708702	-0.0313668055645	-0.116806441623	-0.0299462382725	-0.0284203279435	-0.128207826933	-0.118456422687	-0.0695917003148	-0.117877453844	-0.0252126751181	0.284017081537	0.291135719765	0.299986504599	0.285913986426	-0.0289460958618	0.297827676798	-0.0279995451421	-0.0248912842525	-0.0736792472102	-0.0282125208225	0.287820018436	-0.0672132494687	-0.0757778155915	-0.0262114104288	0.289373088786	-0.036502291017	-0.0301879917112	-0.032732429935	-0.0311134469101	-0.0213279974682	0.297618575503	0.283963046908	-0.0319567088505	0.301829702227	0.302492179063	-0.0722002940421	0.298336753913	0.316985593211	0.302126083775	-0.0298084806965	-0.1149329616	0.302597272046	-0.123962389179	-0.115363436825	-0.0719692065087	-0.123192769997	-0.121618484971	-0.120350277043	-0.11684710744	-0.11932177373	-0.123686222692	-0.124380923988	-0.118399846076	-0.121649612928	-0.118427729825	-0.027751539471	-0.118294386945	-0.116074484904	-0.117281824616	-0.118816414594	-0.116577396147	-0.122858937454	-0.115176951573	-0.118589047508	-0.116855352613	-0.118089880807	-0.0330682959131	-0.116422417272	-0.11907486902	-0.117467703862	-0.117736678592	-0.119035210832	-0.118731491959	-0.113719617625	-0.121393017905	-0.116950978437	-0.118406751602	-0.0727875929113	-0.119520939641	-0.114426966594	-0.116204915341	-0.115422302052	0.292215535729	-0.0695814513541	-0.0299910649385	-0.0726340186337	-0.0717231798147
0.309348583306	0.490519135366	1.21215372516	-0.119046617939	-0.0296697357694	0.295600292456	-0.0740118222029	-0.0748373725099	0.309057177658	-0.124260138963	-0.120748222254	0.297449262043	0.304617746067	-0.12664126578	-0.120363203988	-0.121278278515	0.299528728578	-0.113909018611	0.296348337334	-0.0292338655941	-0.0775212748574	0.299117636093	-0.0292508201632	-0.0264692881675	-0.118619461076	-0.11795989048	-0.117081645148	-0.111194375289	-0.0329246364827	-0.116172493806	-0.0317084042875	-0.0298631475133	-0.128922564906	-0.118376430552	-0.0702008682924	-0.117988902994	-0.0265836595845	0.293938610004	0.301342481325	0.306818226689	0.296570801614	-0.0303760748728	0.304890494029	-0.0291294818191	-0.0260217032273	-0.0745044408653	-0.0293063869879	0.296347688719	-0.0675384859905	-0.0772519911063	-0.0292158690759	0.299313709514	-0.0380009634923	-0.0333286035022	-0.0349288681698	-0.0319192729917	-0.0226065736713	0.305909474577	0.295573105553	-0.0334337305913	0.304965152274	0.307694969576	-0.0730367508938	0.304566621715	0.322061237678	0.310550611813	-0.0303473149816	-0.114344906783	0.30795031346	-0.124297343844	-0.115238651342	-0.0732215412413	-0.122987602433	-0.121414599936	-0.120120277418	-0.116723881462	-0.11942264437	-0.123453769186	-0.124585316448	-0.118147293099	-0.121174149347	-0.118012566116	-0.0299382799837	-0.11835794376	-0.115964509979	-0.116963510382	-0.118896903973	-0.116255158901	-0.12250516263	-0.115045228953	-0.118619493172	-0.116620189701	-0.117664291843	-0.034341824007	-0.116493625904	-0.118697494496	-0.117793221959	-0.117395055131	-0.118484336401	-0.118112963131	-0.113611815334	-0.122112811028	-0.117545688993	-0.117774852734	-0.0743670475263	-0.11974913854	-0.114441536939	-0.115934738303	-0.115235969736	0.299260617257	-0.0702455901426	-0.0313423708239	-0.0736805940544	-0.0730444557345
-0.114156467159	-0.119357547781	-0.119046617939	1.00362753266	-0.0837586765806	-0.110278088679	-0.0641385977374	-0.0621424559556	-0.11402221864	0.0979811463396	0.103251176245	-0.114095883167	-0.11243632816	0.0984896476978	0.0992461626921	0.0971050926398	-0.113848286561	0.0998567111812	-0.109499551781	-0.0869027562555	-0.0622736338659	-0.11219708621	-0.0849448223938	-0.0869405837818	0.100038683042	0.0987665584981	0.10156100211	0.100642437767	-0.0830478727273	0.102185378285	-0.0856245809754	-0.0875567633108	0.103228348128	0.103184602199	-0.0620007052395	0.0995525456115	-0.0858374656454	-0.114712743491	-0.114291388277	-0.115910659751	-0.116213813284	-0.0860120022124	-0.114747697147	-0.0856490478856	-0.0840575750917	-0.0585479792146	-0.0836328833148	-0.11396943254	-0.061532579414	-0.0609878244197	-0.0868616850563	-0.119381573973	-0.0895492921224	-0.0885360987117	-0.0856245307583	-0.0854621439639	-0.0906551847264	-0.114886989078	-0.114937242666	-0.0861253108628	-0.110358329649	-0.113607599053	-0.061017789065	-0.113423349268	-0.115978075815	-0.116510063911	-0.0848895703208	0.0979096129788	-0.113363474458	0.103488577759	0.0951253756386	-0.0618814574268	0.103378340212	0.098516218123	0.0999242203804	0.0962878223696	0.0997872289135	0.103743789474	0.0987067573921	0.0991400230748	0.101882359425	0.0983420924055	-0.0852125255705	0.0976308108448	0.0956831052829	0.101413956756	0.0972454072415	0.0989371032765	0.10498809345	0.102359377539	0.101397057245	0.0986816087269	0.10205215194	-0.0831608210285	0.0979863469244	0.0997169808383	0.096279632491	0.0987397754147	0.0995836174811	0.102661203655	0.098771758278	0.102371986151	0.0988900184623	0.0927558587882	-0.0576646312362	0.099855988806	0.0910913057875	0.0984335347132	0.0964531542497	-0.11474476732	-0.0605037898536	-0.0855098704347	-0.0593271467987	-0.0598031139106
-0.0183766834149	-0.0279126125239	-0.0296697357694	-0.0837586765806	1.12159125716	-0.0161157233777	-0.0502749200601	-0.0473849612016	-0.0195065043829	-0.0897036548401	-0.0897621187552	-0.016909532235	-0.0191183327698	-0.0897598446359	-0.0900646599709	-0.0836855697402	-0.0176878393842	-0.0837156319394	-0.0177367485818	0.262933070699	-0.047529267297	-0.0136993092224	0.25787529276	0.257610891626	-0.0849352373352	-0.0836266638921	-0.0870836988795	-0.0821585396436	0.255827726826	-0.0856143429934	0.26059294856	0.253323088929	-0.0914470254692	-0.0831683446246	-0.0472501029973	-0.0858616864079	0.256212438935	-0.0210376089423	-0.0202840062245	-0.0172690026048	-0.0199406698283	0.25303129633	-0.014111826607	0.257260246367	0.246796199658	-0.0476704037846	0.251116471879	-0.021132407777	-0.0474990357492	-0.0493343161508	0.245534533825	-0.0120414854717	0.28414816743	0.255137762518	0.252806136558	0.251478776843	0.247618029665	-0.0210288197349	-0.0201593069326	0.257271917579	-0.0192176543791	-0.0183751547889	-0.0423021986414	-0.0208360717429	-0.023385139382	-0.022441166419	0.26033844421	-0.0851232151477	-0.0201547691267	-0.088174130517	-0.0863925870785	-0.0472901394737	-0.093051282461	-0.0906741601337	-0.0870874999276	-0.0845065676522	-0.0885994322315	-0.0925956727722	-0.0908112267446	-0.0874869918776	-0.0855738476091	-0.0843659523192	0.249476555933	-0.0876334488231	-0.0840818066074	-0.0868089090312	-0.0851133581532	-0.0824059616455	-0.0891949681224	-0.0857170898324	-0.0856512819564	-0.0823692425014	-0.0861722025551	0.251733533564	-0.0853342934929	-0.0872779928423	-0.0828062151392	-0.0860567302888	-0.0855558396859	-0.0869466657214	-0.085567604047	-0.0930332966443	-0.0904246603767	-0.0855529844479	-0.0478649115984	-0.0898934234142	-0.0839570798922	-0.0816551195959	-0.0874025600596	-0.0153190465199	-0.0519492569292	0.245588340533	-0.0515407792916	-0.0506329352712
0.275922801033	0.289613661743	0.295600292456	-0.110278088679	-0.0161157233777	1.15841061369	-0.0634795167783	-0.0657895004405	0.276656210054	-0.115695426943	-0.111922297449	0.269363622039	0.273588872197	-0.117606063258	-0.111467730195	-0.112425711387	0.270831852068	-0.105440464938	0.264540903539	-0.0144226210328	-0.0665852742577	0.266387484962	-0.0145588382727	-0.0125705089043	-0.110229230949	-0.110125816311	-0.109063289782	-0.103363114508	-0.0186264059943	-0.108044781978	-0.0164041331066	-0.015330531059	-0.119108076132	-0.109617877533	-0.0601446498274	-0.110634393049	-0.0142587609562	0.263492999462	0.270947727874	0.27327291581	0.269569285682	-0.0166883357313	0.273635003103	-0.0138247565166	-0.0117412235037	-0.063647699671	-0.0152236501617	0.269844684526	-0.0583342455156	-0.067669164915	-0.0164200236469	0.270519622003	-0.0219623622919	-0.0188759271404	-0.0213261949647	-0.0169103812063	-0.00981575534917	0.268811070382	0.268457678871	-0.0186490821096	0.271379052645	0.273808261272	-0.0626338400607	0.273270273278	0.285262810569	0.277818387624	-0.0147309039759	-0.106200745323	0.274629726853	-0.114710793918	-0.10673430703	-0.0638059290783	-0.115931670146	-0.112016135968	-0.110689413781	-0.108552987533	-0.111563920035	-0.116114109058	-0.114255808921	-0.110941839916	-0.112434135306	-0.108945256174	-0.0173792856013	-0.109776774926	-0.108801950826	-0.107687340488	-0.110489462017	-0.108083607517	-0.113704224866	-0.107358628737	-0.11067760154	-0.108347908724	-0.109264784212	-0.018734198828	-0.107206597531	-0.110419158086	-0.109553129301	-0.109550152285	-0.110756804285	-0.110301350093	-0.105372843443	-0.11413683835	-0.110609737684	-0.108604558004	-0.0654890877178	-0.113033837164	-0.106909184688	-0.108152716125	-0.107752757505	0.268832131181	-0.0603879159549	-0.0165252188755	-0.0632316273471	-0.0635368143073
-0.067536430318	-0.0719171133392	-0.0740118222029	-0.0641385977374	-0.0502749200601	-0.0634795167783	1.19342345492	0.312741008918	-0.0670941221438	-0.0572793936273	-0.06391510976	-0.0648915660696	-0.0685057565319	-0.0581924728148	-0.0620358149212	-0.053593827786	-0.0670142393816	-0.0602686051971	-0.0650694499142	-0.0523343971375	0.332474829103	-0.0649238093876	-0.0521177452871	-0.0524254196486	-0.0601493787469	-0.0572408020082	-0.0585182489896	-0.0585708377373	-0.051241090427	-0.0611774037128	-0.0538971208384	-0.048832715596	-0.0524828459603	-0.0617467383775	0.33150129003	-0.0584273414784	-0.0540143605087	-0.0659648834694	-0.0647960036484	-0.0666909971309	-0.0658547477551	-0.0518106997967	-0.0699551452901	-0.0520346395273	-0.0480386920029	0.343395052016	-0.0507017187121	-0.0629191852044	0.314158263882	0.321624907574	-0.0483629898684	-0.0658893356504	-0.0579359051873	-0.0551247562623	-0.0558904587384	-0.0508472582929	-0.0487039725704	-0.0659419092955	-0.06570535457	-0.0444083571976	-0.0640677827574	-0.0667784524071	0.324548166559	-0.064003846377	-0.0688584431043	-0.0664945341967	-0.0515951470602	-0.0593653725043	-0.0637056866537	-0.0633027612173	-0.0600483268641	0.332495595979	-0.0667591381904	-0.0601008972889	-0.0581300554629	-0.0571372627388	-0.0603499255927	-0.0661540486962	-0.055410756617	-0.0609567626224	-0.0569452229225	-0.0594131610354	-0.0486898324131	-0.0609500618925	-0.0591420689094	-0.0599227878327	-0.0599237668966	-0.0609616782935	-0.0646810196745	-0.0592614259506	-0.0602264793501	-0.0594864791951	-0.0622538768721	-0.0510520883476	-0.0595793058874	-0.0584458156429	-0.0585767204717	-0.0570883264976	-0.0591636801616	-0.0593688227226	-0.0598468889814	-0.0646910465733	-0.0579574428487	-0.0622701950889	0.320965617149	-0.0640687749391	-0.0590078245956	-0.0638888767791	-0.0642487343501	-0.0646489267632	0.327314785435	-0.0433327201343	0.329474368412	0.333825480117
-0.068597471702	-0.0722813097728	-0.0748373725099	-0.0621424559556	-0.0473849612016	-0.0657895004405	0.312741008918	1.18164376967	-0.0692346771561	-0.0561438226745	-0.0648646266866	-0.0643200915307	-0.0679683474275	-0.0593817574899	-0.0638628098613	-0.0505296557511	-0.0685195311376	-0.0596789406655	-0.0657500329846	-0.0478686379345	0.319202769676	-0.0665036434753	-0.0481190839239	-0.0483092027765	-0.0606641003864	-0.0573158641403	-0.0599144655867	-0.0586527125727	-0.0469102697478	-0.0625892721718	-0.0502850770406	-0.0472737738874	-0.050464908659	-0.0610257134905	0.324860852078	-0.0558430246395	-0.0506090018096	-0.0666490501664	-0.0673538084123	-0.0681097521356	-0.0693616890136	-0.0468364825626	-0.0689920284077	-0.0471703631865	-0.0449609901142	0.339721571399	-0.0523030108103	-0.0658491956035	0.313966993496	0.323915988696	-0.0463531741278	-0.0687258678491	-0.0541167040874	-0.0521362997709	-0.044935050812	-0.0468908353558	-0.0474757420726	-0.068087443472	-0.0657813334078	-0.0433736080401	-0.0656319532847	-0.0688296773942	0.317310410479	-0.0657249017965	-0.0700111653041	-0.0669489027848	-0.0464597676536	-0.0593109795872	-0.066097150965	-0.0603362391231	-0.0603747002014	0.330145031013	-0.0650413546288	-0.058607516807	-0.057482299578	-0.054990266485	-0.0598916628487	-0.0649222758175	-0.0561293015461	-0.0614338273414	-0.0569441873983	-0.0588806386484	-0.0435119851361	-0.061535690479	-0.0600939866534	-0.0591725260501	-0.0628007605736	-0.0596791912774	-0.0625744786037	-0.0588662682049	-0.0614219658689	-0.0593134922603	-0.0600014925172	-0.0445022201037	-0.0592194400578	-0.0583649891522	-0.057822994863	-0.0559261343333	-0.0583448453438	-0.0579499433096	-0.0597047873433	-0.0654120012396	-0.0569971680054	-0.0611897385927	0.324365358514	-0.0627840611855	-0.0611258944187	-0.0636293805984	-0.0638975966563	-0.0666449561871	0.324200108338	-0.0404076527344	0.324347049783	0.329777504832
0.289918021004	0.303402241345	0.309057177658	-0.11402221864	-0.0195065043829	0.276656210054	-0.0670941221438	-0.0692346771561	1.17634807889	-0.118631860042	-0.115202114748	0.282433763831	0.286680793976	-0.121716018478	-0.115113828135	-0.115675592661	0.282621282513	-0.107881015345	0.276093274138	-0.0178232953068	-0.0699047188555	0.280371219197	-0.0171425506247	-0.0161593083349	-0.113077979117	-0.112683953109	-0.111477971958	-0.105904905941	-0.0225718431251	-0.110973110869	-0.0216296342674	-0.0184658804989	-0.123436263093	-0.112870458507	-0.0624941441836	-0.113713340458	-0.0170135393774	0.281594013553	0.286682593641	0.288399850122	0.283983810081	-0.0200869358728	0.287075398349	-0.0172248724735	-0.016263643924	-0.0665394123893	-0.0180757170167	0.283815461672	-0.0588588778349	-0.0702866561572	-0.0199115290765	0.288596719801	-0.0262784603962	-0.0253095108203	-0.0216900271231	-0.0213539142977	-0.0107809812506	0.287812252548	0.285197276854	-0.0238110260301	0.282703231817	0.287806663603	-0.0664531770677	0.286889151587	0.298715969812	0.29197837194	-0.0178129326025	-0.108819752335	0.288141206495	-0.117692200082	-0.108942741913	-0.0649450333602	-0.117799905899	-0.116689340724	-0.114097861182	-0.111317956673	-0.114969451486	-0.118147791074	-0.118126488571	-0.112659202203	-0.114850644437	-0.111987802753	-0.0218059448859	-0.112274668901	-0.110616816509	-0.111494354067	-0.114876936983	-0.110774811039	-0.116742219753	-0.110135114269	-0.113025050575	-0.110854640567	-0.112188324148	-0.0229817681257	-0.110807611317	-0.113115654857	-0.112909211745	-0.11237520356	-0.112420139273	-0.112852105682	-0.108450180185	-0.11682137512	-0.113225636576	-0.110841925629	-0.0681565972154	-0.114825305853	-0.109673891831	-0.110971889565	-0.111043253529	0.281644047343	-0.062630673883	-0.0201074509138	-0.0656617470212	-0.0658192223022
-0.120013156867	-0.123448493998	-0.124260138963	0.0979811463396	-0.0897036548401	-0.115695426943	-0.0572793936273	-0.0561438226745	-0.118631860042	1.02792407544	0.100934946669	-0.119013028303	-0.117716395599	0.0968164167846	0.0939127357713	0.0956082116758	-0.11701490848	0.100016553585	-0.114602216698	-0.0936929400638	-0.0562584761562	-0.117227092081	-0.0909968243612	-0.092671719701	0.101082841191	0.0973358266402	0.103612754495	0.102113080952	-0.0906412460888	0.100559357495	-0.091003093119	-0.0920016104925	0.0976981774632	0.103987286553	-0.0602195214292	0.0946393406679	-0.0905169174565	-0.117774695421	-0.117906910398	-0.121717088625	-0.121252453845	-0.0904004667684	-0.119056717939	-0.0919364062907	-0.0898738262821	-0.057574714868	-0.0890460776929	-0.117633000682	-0.0596293763064	-0.0568805121483	-0.0909583922172	-0.123350664135	-0.0947773016981	-0.0931662593645	-0.0902286257667	-0.0878013952347	-0.0922555351705	-0.119684995259	-0.118220182039	-0.090538367747	-0.115825198306	-0.118479689976	-0.0597904026627	-0.119126396035	-0.120741969175	-0.11989517267	-0.0906643769633	0.0998683002247	-0.117758517705	0.104507344137	0.0950899726702	-0.0592849143168	0.101724368222	0.100220585442	0.0958190415775	0.0948725879177	0.104833818436	0.102048669595	0.0944877433863	0.0980539270298	0.100960326046	0.10141287262	-0.088967399409	0.0987422437643	0.0973134574863	0.0993587694502	0.094536944533	0.100695126094	0.106708327055	0.0993978668825	0.102465717238	0.101492667033	0.105513736893	-0.0873186235571	0.0964018454001	0.0982410896407	0.0952875304788	0.100590305425	0.0992728263024	0.102869153333	0.0996422594726	0.0924586056181	0.0909165848895	0.0937985055646	-0.0546291393728	0.098936709139	0.0937077288415	0.0936592056733	0.0950900583444	-0.118359320032	-0.0591189712172	-0.0898975197382	-0.0584137121308	-0.0563165678122
-0.115274488052	-0.121145728026	-0.120748222254	0.103251176245	-0.0897621187552	-0.111922297449	-0.06391510976	-0.0648646266866	-0.115202114748	0.100934946669	1.01421778828	-0.116096309577	-0.115073144937	0.106289471901	0.223097166082	0.0996201309605	-0.114603148283	0.103702604253	-0.110598019352	-0.0913225923956	-0.0628173693899	-0.113645337366	-0.0886412279998	-0.0910202047847	0.104955783173	0.103042287762	0.104933515949	0.102870818206	-0.0883366000575	0.105789573628	-0.0901754370423	-0.090637811307	0.104418252727	0.105095769199	-0.0623143139632	0.102384492591	-0.0899232930406	-0.115872553819	-0.120280228705	-0.117687401894	-0.117116973589	-0.0897238365243	-0.117926865696	-0.0900098849566	-0.0885791948661	-0.0591168272138	-0.0886443512251	-0.114310726798	-0.0596610517439	-0.0628238145296	-0.0939854631971	-0.119624300267	-0.0938697954946	-0.0935058406916	-0.0934837606044	-0.089830477534	-0.0927138006556	-0.118553759955	-0.117315120112	-0.0915924560818	-0.111292685845	-0.114991846033	-0.0612324123413	-0.114549730616	-0.116899490497	-0.11747629161	-0.0889557003507	0.103213366865	-0.114644224703	0.106310816137	0.102560836422	-0.0606885132104	0.110347762641	0.105738638287	0.101513653751	0.10076464781	0.103519950003	0.110229263122	0.102380589001	0.101599882237	0.106356662568	0.103558421047	-0.0888206116097	0.101242387385	0.101691990122	0.104813843739	0.102134513805	0.10319637341	0.108926857437	0.103767620325	0.105075177409	0.102216156357	0.10618418418	-0.0866999399896	0.10187504564	0.10386628548	0.103122091255	0.103905852081	0.103875507704	0.105715004958	0.102122208474	0.101781290431	0.100100910133	0.102189644032	-0.0585028730204	0.103510742699	0.100514421517	0.100313457234	0.102748997184	-0.115738938502	-0.0582815124143	-0.0895459185911	-0.058976392617	-0.0597413070184
0.283091096135	0.289100546405	0.297449262043	-0.114095883167	-0.016909532235	0.269363622039	-0.0648915660696	-0.0643200915307	0.282433763831	-0.119013028303	-0.116096309577	1.16140192914	0.278566022999	-0.12207891762	-0.115412534729	-0.115033929176	0.271911323899	-0.108973431161	0.269748086701	-0.0141135886217	-0.068322210822	0.271505433853	-0.0135675930932	-0.0134937112656	-0.112496001088	-0.113359689141	-0.112700030591	-0.10660381385	-0.0189081752119	-0.111564129299	-0.0165551571307	-0.0144812281612	-0.121286195779	-0.112756557352	-0.0602864682589	-0.113686699335	-0.0149492762234	0.267443062157	0.275617235141	0.279333388465	0.274078129639	-0.016847445233	0.275908631947	-0.0139905633257	-0.0121599527174	-0.064147096697	-0.0149451587314	0.27593525158	-0.0571875163207	-0.0664931896298	-0.0142821183345	0.275629166355	-0.0218174461222	-0.0173222753596	-0.0207769781414	-0.0167525216717	-0.00909483100411	0.27398097372	0.272422713084	-0.0177658657559	0.278010286252	0.278883651331	-0.0634430426527	0.277443474617	0.290601801884	0.281330094852	-0.0145037641977	-0.109273121414	0.279615527964	-0.117935871	-0.109716263719	-0.064022067718	-0.119096299626	-0.116538802741	-0.113893356217	-0.112767775427	-0.114959563791	-0.119478626472	-0.117967845845	-0.112560276662	-0.115275609751	-0.112726622048	-0.0174806466496	-0.11278521551	-0.112059684322	-0.111165388524	-0.113149511322	-0.111279971905	-0.117163401988	-0.111145238369	-0.114051564501	-0.111381234204	-0.112408034246	-0.0196438331158	-0.110926662863	-0.113534249871	-0.115661284143	-0.113098283782	-0.113050073027	-0.113566950778	-0.109346708847	-0.118037415275	-0.113994582295	-0.111667355079	-0.0674766630244	-0.115816374514	-0.109998209617	-0.111419255032	-0.110816582611	0.275329785623	-0.0615100754398	-0.0168828366026	-0.0635004938395	-0.0642693611169
0.286069982618	0.297431358424	0.304617746067	-0.11243632816	-0.0191183327698	0.273588872197	-0.0685057565319	-0.0679683474275	0.286680793976	-0.117716395599	-0.115073144937	0.278566022999	1.1714913966	-0.120335554659	-0.114620333395	-0.115701765649	0.279183734407	-0.107718615303	0.274757728474	-0.0168290395053	-0.0696063933717	0.276572324137	-0.0165750605929	-0.016313618148	-0.112786334866	-0.112211626342	-0.111453429145	-0.105552475787	-0.0222633158663	-0.110900047644	-0.0211069782701	-0.0177293580439	-0.122549609859	-0.112357336912	-0.062427104025	-0.113652666567	-0.0173117712081	0.279031798172	0.280874637192	0.283487189054	0.280109442325	-0.0198013650486	0.283769334501	-0.0176047465222	-0.0160439157842	-0.0663740542042	-0.0183620975096	0.279939813329	-0.0588916312455	-0.0712381344543	-0.0197998974868	0.283606519712	-0.0257036059538	-0.0239008453369	-0.0223603355415	-0.020671176367	-0.0124535170161	0.281003385931	0.283411087751	-0.0224065446448	0.280602893922	0.283293026578	-0.0658069525188	0.28384167632	0.295589089366	0.28735052783	-0.0174957395055	-0.108632073894	0.285048956873	-0.117673554431	-0.108406881438	-0.0648449318273	-0.11762058898	-0.115871353978	-0.114285635587	-0.109406450613	-0.113948163714	-0.11778623072	-0.118032788034	-0.112546587404	-0.114640866519	-0.112062413416	-0.0200609437242	-0.113341491497	-0.110943313587	-0.110609544691	-0.113615145063	-0.110928627348	-0.116604345994	-0.109998821203	-0.113081450074	-0.111158169693	-0.11140921173	-0.0219705103814	-0.110247406724	-0.112250718293	-0.113395848563	-0.111791575252	-0.112034910787	-0.112644739359	-0.108823386447	-0.117307319549	-0.112557514421	-0.111019581331	-0.0682736642014	-0.114905723166	-0.109814972478	-0.110343265592	-0.110439009044	0.280193663617	-0.0629337178628	-0.0194479879699	-0.0649712370664	-0.0655048561317
-0.121455752696	-0.126151524476	-0.12664126578	0.0984896476978	-0.0897598446359	-0.117606063258	-0.0581924728148	-0.0593817574899	-0.121716018478	0.0968164167846	0.106289471901	-0.12207891762	-0.120335554659	1.02702245779	0.102217331585	0.0952541826859	-0.119146883637	0.10123251942	-0.116223667417	-0.0933011760553	-0.0604353588918	-0.119351236581	-0.0905605053242	-0.0929152067792	0.104079760499	0.0986997737808	0.1043810804	0.103663690037	-0.0896245073117	0.102075639736	-0.0906886332218	-0.0896319516438	0.108215002142	0.103472392519	-0.062825646369	0.099799070473	-0.0916647549805	-0.118417883562	-0.118102471759	-0.121608450452	-0.121866717205	-0.0909951145421	-0.121089832375	-0.0911038961962	-0.089489083754	-0.0605802118344	-0.0884430186077	-0.118369111407	-0.060915683594	-0.0563806086168	-0.0923009201668	-0.124783309928	-0.0944138011082	-0.0920940020857	-0.0886415971239	-0.088919318837	-0.0914247337506	-0.120970611666	-0.121087149067	-0.091089784155	-0.117050630219	-0.119404101069	-0.0603574877058	-0.11959386126	-0.122294630183	-0.121617052207	-0.0909738150849	0.100645429684	-0.120868191463	0.10226361883	0.0965216685659	-0.0633527899636	0.101608338985	0.100802390982	0.0995960167732	0.0993178505376	0.101599011687	0.102066634304	0.0963018976627	0.100267465226	0.105693536406	0.100247620546	-0.0871560189098	0.0943630554419	0.0988645317742	0.101130977629	0.103409736003	0.102495554024	0.105538624499	0.100454968681	0.106131005995	0.100499986097	0.10625683829	-0.0858638952635	0.0980285369618	0.101255172414	0.0982414336754	0.0983498185946	0.101659630818	0.104379253666	0.0977720754226	0.0960541222114	0.0919189142462	0.0981162242013	-0.0581456975918	0.096625349359	0.0932827656955	0.0982629298267	0.0962743761655	-0.119784124198	-0.061538272354	-0.0928685488358	-0.0597408093387	-0.0607689272051
-0.114804740799	-0.120670574109	-0.120363203988	0.0992461626921	-0.0900646599709	-0.111467730195	-0.0620358149212	-0.0638628098613	-0.115113828135	0.0939127357713	0.223097166082	-0.115412534729	-0.114620333395	0.102217331585	1.00925874324	0.094407627246	-0.113758078997	0.101309837611	-0.110652802728	-0.0916441415301	-0.0618581357147	-0.113475317538	-0.0889222417393	-0.0915368847653	0.102118773779	0.0998301964245	0.10203029502	0.101932490326	-0.0887906271925	0.104152255492	-0.0906698470979	-0.090393799265	0.0987316275936	0.102410773188	-0.0615423050309	0.0983350433478	-0.0906468958394	-0.113959325757	-0.119888742805	-0.117756472375	-0.115624155507	-0.0896789713823	-0.117894135413	-0.0901493935881	-0.0888474812753	-0.0582056696644	-0.0891972556346	-0.113768454382	-0.057736876635	-0.0610984004867	-0.0939030122153	-0.118894453368	-0.0943685088036	-0.0927728139046	-0.0929294971668	-0.0902701390778	-0.0929358321994	-0.117913127348	-0.116126259597	-0.091810225493	-0.11085188478	-0.114645763732	-0.0609084391657	-0.114372174731	-0.116940532963	-0.117458428944	-0.0894335141517	0.100589173848	-0.114455247927	0.101555465903	0.0990567131126	-0.0592152413746	0.105288517177	0.101424806519	0.0968816698349	0.0973980517793	0.0989039636468	0.105677730852	0.0978246405519	0.0964444776438	0.103806535934	0.100681379315	-0.0895944477401	0.0963309536	0.0980437564221	0.101939140148	0.0985970352124	0.100517952326	0.105194224006	0.100181971226	0.101878169691	0.0993724860325	0.103808565637	-0.0870901793458	0.0978120129447	0.100070163883	0.0996712975642	0.100559673282	0.100233510594	0.10315486572	0.0994121789455	0.0953811349054	0.0949654406577	0.0991101817196	-0.0573517664487	0.0996668120866	0.0972719733255	0.0964668537891	0.0997911143755	-0.115945384978	-0.0564505081061	-0.089733832729	-0.0574204200274	-0.0587723792562
-0.1155310478	-0.121191911069	-0.121278278515	0.0971050926398	-0.0836855697402	-0.112425711387	-0.053593827786	-0.0505296557511	-0.115675592661	0.0956082116758	0.0996201309605	-0.115033929176	-0.115701765649	0.0952541826859	0.094407627246	1.00490550697	-0.113204693344	0.0985147126221	-0.111215658368	-0.0880237302775	-0.052760348713	-0.115229552526	-0.085943547727	-0.0879352592874	0.0963132094704	0.0960165280837	0.0975666852202	0.0980517879931	-0.0847344515673	0.0951065132186	-0.0861195896687	-0.0877485599821	0.107677436995	0.0965849099426	-0.0541972759031	0.0963734041222	-0.0876855214277	-0.115338133201	-0.118255179646	-0.117171895656	-0.116609166179	-0.0859751678318	-0.116754410372	-0.0876886072324	-0.0843665281097	-0.0520420918964	-0.0848063438055	-0.114330016301	-0.0545384896499	-0.0519033646222	-0.089463670066	-0.119760411165	-0.0904992069741	-0.0903661860342	-0.0874651882036	-0.0839707471551	-0.0876538238147	-0.117998298914	-0.117461217455	-0.0874636636332	-0.112157891308	-0.115118300953	-0.0532777604096	-0.11438232616	-0.11675608904	-0.116263228783	-0.0862574754779	0.0952027635264	-0.114636865248	0.0983535081681	0.0901677348707	-0.054857736918	0.099424731581	0.099949414249	0.0950999556008	0.0914656361165	0.0954433153811	0.0991911916441	0.094203696249	0.09420080505	0.09874691809	0.0971455956565	-0.0846028133079	0.0930023936398	0.0957058016623	0.0969832098639	0.0891284002867	0.0987505393957	0.10091875181	0.0973895885331	0.0985460497798	0.095568931392	0.100436219722	-0.0822839269114	0.0945971166003	0.0968741779386	0.0947780128812	0.0975183112271	0.0956294391426	0.0985568595762	0.0950229698298	0.090996978782	0.0903644297318	0.0915793354304	-0.0514975990453	0.0963714412881	0.0886028241163	0.0922003306761	0.0925153150662	-0.116180757505	-0.0531593454687	-0.085847273376	-0.0514103308268	-0.0532464892179
0.284206620169	0.292457506365	0.299528728578	-0.113848286561	-0.0176878393842	0.270831852068	-0.0670142393816	-0.0685195311376	0.282621282513	-0.11701490848	-0.114603148283	0.271911323899	0.279183734407	-0.119146883637	-0.113758078997	-0.113204693344	1.1582852641	-0.106900227921	0.27034417828	-0.0162876921825	-0.0670921876611	0.271947695892	-0.0154575287585	-0.0146776762962	-0.112075148452	-0.111905897119	-0.110625573687	-0.105419596074	-0.0207341867356	-0.110755898551	-0.0194685640534	-0.0157224241495	-0.122178931837	-0.112559818651	-0.0618533703372	-0.112262948835	-0.0153398316522	0.272118013296	0.273249261717	0.281677142643	0.275425332457	-0.0183756960511	0.279190314311	-0.0167051180661	-0.015195482879	-0.0664117829674	-0.017322550339	0.272842688836	-0.0570490377625	-0.0677075024808	-0.0172826395599	0.276219497066	-0.0244082482231	-0.0233300179422	-0.0205228426126	-0.0191417351652	-0.00702942934506	0.274577587854	0.271937049998	-0.0194401506921	0.277300999815	0.278704614434	-0.0643162989188	0.277220385375	0.291197616593	0.282087648049	-0.01672206273	-0.10772928732	0.279331278232	-0.116697294689	-0.107854157622	-0.0642360018425	-0.117211949205	-0.115828774843	-0.113540833792	-0.110630064601	-0.114251261443	-0.117708225056	-0.118589723081	-0.11286707582	-0.114212339622	-0.111093062904	-0.0177477568758	-0.111519587456	-0.110325421456	-0.110905244394	-0.112342776558	-0.110103842885	-0.115602673614	-0.10881190875	-0.113146785	-0.109749897627	-0.111495261685	-0.0214844987774	-0.11115958498	-0.111072706929	-0.11228670837	-0.111509339745	-0.111010281534	-0.112162637572	-0.10850015454	-0.118179586375	-0.115457509862	-0.110715203319	-0.0673033321474	-0.114116281967	-0.110957833963	-0.110371776918	-0.109741638135	0.274508656605	-0.0622552616916	-0.0176252932925	-0.0640949355254	-0.0647646860017
-0.108310657369	-0.114557736892	-0.113909018611	0.0998567111812	-0.0837156319394	-0.105440464938	-0.0602686051971	-0.0596789406655	-0.107881015345	0.100016553585	0.103702604253	-0.108973431161	-0.107718615303	0.10123251942	0.101309837611	0.0985147126221	-0.106900227921	1.00512448617	-0.103290326268	-0.0856284239751	-0.0577384349464	-0.106385264808	-0.0831939108159	-0.0852498118978	0.100509905387	0.0983166630633	0.10052733405	0.0969358012656	-0.0828205386688	0.100266694251	-0.084588119929	-0.08599084689	0.101155613446	0.100263972079	-0.0575169835129	0.0998811161064	-0.0838468915557	-0.109913067328	-0.1126643549	-0.110748846807	-0.1100743362	-0.0847927307043	-0.110164698071	-0.0844592601098	-0.0828408838989	-0.0553635566874	-0.082173931176	-0.107678804276	-0.0581823849718	-0.0589012431382	-0.0880621982837	-0.112629503461	-0.0878436959339	-0.0883816116218	-0.0885734052526	-0.083515624681	-0.0863311621997	-0.112314519616	-0.110356818111	-0.0852971137343	-0.104398477012	-0.107548458903	-0.0572584162543	-0.107358346384	-0.109308408186	-0.109746865376	-0.0833926909933	0.0986279897493	-0.107811661246	0.102930267667	0.0964464837726	-0.0584065751827	0.106291269306	0.100647012631	0.0980844073046	0.0973685811601	0.0999308630106	0.106443676914	0.0982577751353	0.0992025028212	0.101967945475	0.100474659735	-0.0824216667659	0.0991952540653	0.098190921503	0.0995096597099	0.0977052068532	0.0983933645412	0.104046489432	0.0988057561692	0.100220260163	0.0977639282398	0.101092566814	-0.0813327270244	0.0979197120795	0.0999934944332	0.0981643671446	0.0990046259201	0.0993927861497	0.100702131173	0.0979591691839	0.0989169038303	0.0981325549326	0.0963484724488	-0.054635971626	0.099824535141	0.0957015704645	0.0958802402513	0.0983360952027	-0.108324013249	-0.0559053392997	-0.083230811988	-0.0553703011045	-0.0556754923556
0.276308940035	0.290942225822	0.296348337334	-0.109499551781	-0.0177367485818	0.264540903539	-0.0650694499142	-0.0657500329846	0.276093274138	-0.114602216698	-0.110598019352	0.269748086701	0.274757728474	-0.116223667417	-0.110652802728	-0.111215658368	0.27034417828	-0.103290326268	1.15933917603	-0.0159339739858	-0.0667374838331	0.265747132244	-0.0153988907829	-0.0143117682983	-0.108652927238	-0.108003074099	-0.106531769197	-0.101553118064	-0.0201720231351	-0.106866630558	-0.0188637201967	-0.0147342101235	-0.117518860655	-0.108606326392	-0.0595080273734	-0.109054881262	-0.0145679185002	0.268460123171	0.272346075441	0.275502288549	0.271256525935	-0.0173490795518	0.27501928297	-0.0162970171633	-0.0148174005008	-0.0641133061324	-0.0171958605015	0.270371945123	-0.0565888175018	-0.0667513772005	-0.0188234693832	0.272830891897	-0.0239397221984	-0.0228953055952	-0.0217959148628	-0.0194554139804	-0.0101282240198	0.273497183935	0.270361154919	-0.0204174568369	0.269454959882	0.274489275772	-0.0635625650955	0.272948064129	0.28570075457	0.28119134148	-0.0162474232131	-0.104389503128	0.274321311724	-0.113287903647	-0.105289953915	-0.0629038108135	-0.113018381696	-0.111664989222	-0.109949860043	-0.10649145582	-0.109724516132	-0.11336995164	-0.114100661523	-0.108780604831	-0.11040809757	-0.107525258252	-0.0184508961216	-0.108086763022	-0.106738381323	-0.107082061623	-0.109077461908	-0.106405289908	-0.112142508922	-0.105156140417	-0.108834074739	-0.105927964231	-0.10744601838	-0.0206453526665	-0.106554755386	-0.107422515409	-0.108218143203	-0.107620253278	-0.108347650954	-0.108093780937	-0.104463350285	-0.112324874911	-0.10863071646	-0.107861056274	-0.0653797248485	-0.110173315085	-0.104824059967	-0.105797306057	-0.105838975342	0.268708168089	-0.0600433182541	-0.0179992617097	-0.0627104870585	-0.0629091020664
-0.0179552333156	-0.0280932484261	-0.0292338655941	-0.0869027562555	0.262933070699	-0.0144226210328	-0.0523343971375	-0.0478686379345	-0.0178232953068	-0.0936929400638	-0.0913225923956	-0.0141135886217	-0.0168290395053	-0.0933011760553	-0.0916441415301	-0.0880237302775	-0.0162876921825	-0.0856284239751	-0.0159339739858	1.14031546506	-0.0482697542426	-0.0127960347413	0.267114621923	0.26688789068	-0.0872177314824	-0.0857426135599	-0.0887761821445	-0.0839645095011	0.267018306949	-0.0875886283991	0.271048315995	0.265468871291	-0.094358194497	-0.0854143850022	-0.0494020418682	-0.0878557409846	0.265588373816	-0.0189103851104	-0.0211985621529	-0.0160781113802	-0.0162497482895	0.264695935188	-0.0125459489447	0.265189356829	0.25807040431	-0.0483911167496	0.260898608444	-0.0184170862191	-0.0491575214245	-0.0505258828169	0.266395987365	-0.00958707452469	0.292488926107	0.273791964034	0.269997151616	0.264041634047	0.257732962899	-0.0188786047587	-0.0198477493648	0.268711293688	-0.0172151022297	-0.0176928492686	-0.0445536419524	-0.0185397511918	-0.0227083777048	-0.0221473254003	0.267307968867	-0.0876745334186	-0.0197842982283	-0.0908782004136	-0.0869223728123	-0.047344287154	-0.0943814850435	-0.0923849444932	-0.0888859280108	-0.0867009513636	-0.0914557631491	-0.093797909056	-0.0910005536112	-0.0896710417713	-0.0878963356915	-0.0866319473412	0.258647936786	-0.0881762234223	-0.0859683149116	-0.0884573337226	-0.0870014224544	-0.0839412049189	-0.0916311726544	-0.0884883575913	-0.0878844585247	-0.0856451486685	-0.0884021678346	0.261706583219	-0.0881411465577	-0.089891445339	-0.0866180847026	-0.0882699468891	-0.0882505751347	-0.0893111060293	-0.0873723120238	-0.093555150169	-0.0931976508492	-0.0882685917524	-0.0505853316257	-0.0920179467638	-0.0871344965347	-0.0845732309226	-0.0887551364691	-0.0125154236192	-0.0506182032452	0.256917368095	-0.0510125795803	-0.0513637862403
-0.0698309560437	-0.0761323939284	-0.0775212748574	-0.0622736338659	-0.047529267297	-0.0665852742577	0.332474829103	0.319202769676	-0.0699047188555	-0.0562584761562	-0.0628173693899	-0.068322210822	-0.0696063933717	-0.0604353588918	-0.0618581357147	-0.052760348713	-0.0670921876611	-0.0577384349464	-0.0667374838331	-0.0482697542426	1.18262671825	-0.0678603454494	-0.0489181638351	-0.0498340685422	-0.0589068053008	-0.0559300598285	-0.0581356246686	-0.0571699832387	-0.0464824172311	-0.0614465237149	-0.0503063289392	-0.0460358951808	-0.0568036111635	-0.059658107859	0.332757922594	-0.057266975653	-0.0533913240252	-0.0675081667853	-0.069756309343	-0.0713996914149	-0.0694952016904	-0.0464547119444	-0.071648249834	-0.0483834443354	-0.0481167726475	0.349226323876	-0.047382040027	-0.0659364409664	0.326537400677	0.326898295836	-0.0435448654829	-0.0696840062705	-0.0548303475454	-0.0547715305795	-0.0496541457377	-0.0480847753606	-0.048434902914	-0.0717674037421	-0.0716849764636	-0.0439142216886	-0.066760353271	-0.0694420663477	0.328646192814	-0.0669609095513	-0.0717884147079	-0.0697159639828	-0.0472004098633	-0.0575911708972	-0.0664495485417	-0.0587909910171	-0.0579232979226	0.336326846121	-0.0655143300619	-0.0608510553356	-0.0566066103349	-0.0565282965982	-0.0581310681552	-0.0652712850903	-0.0594845947786	-0.0600585111275	-0.0561902766838	-0.0587733836432	-0.0443100610694	-0.0604075354923	-0.0584227064178	-0.0574887187441	-0.0596856768709	-0.0588560632355	-0.0607479918832	-0.0571984506865	-0.0599560857164	-0.0575493317571	-0.0594478209364	-0.0465716623097	-0.0585971512379	-0.0597519158755	-0.0560831602026	-0.0564930254967	-0.0580327307157	-0.0565009844921	-0.0556865341677	-0.0650657980095	-0.0618085170958	-0.0602916814785	0.329924515885	-0.0623844113041	-0.0591498965554	-0.0603283181634	-0.0607839368594	-0.0693028674857	0.334243095668	-0.037550541776	0.331440927053	0.340165775513
