1.3717237153047896	0.9071694063402731	0.8955098442386384	-0.7746127258893853	0.875570776924877	0.8986678011738439	0.8920892717639904	0.04403549587896637	0.8457906575311486	-0.8142158912594696	-0.7714174778368692	0.9217256826005752	0.9057757975473226	-0.7669274279940265	-0.7663637911548588	-0.7688956483979082	0.8979441126289007	-0.7325544453866827	0.8550203268454154	0.8475592775059838	0.8807384775007472	0.8575403494770276	0.8435154064635326	0.848674843454267	-0.7710812464735036	-0.670465660585442	-0.7678840162706786	-0.7323102398204359	0.8657275639084786	-0.7659188521512212	0.6486218034514838	0.8590221472679669	-0.8115825806115913	-0.7503782649060271	0.024113911329991546	-0.6938358735944474	0.8782531203767749	0.5598530863034886	0.9073032167075442	0.871021080604686	0.9020584214797897	0.8876661829859179	0.8677248709687175	0.8618644962454247	0.04400269060985409	0.025693407379523255	0.8717875186730069	0.8508421053389289	-0.7252845616451472	0.044013650667023285	0.8777631994446313	0.8637065866155802	0.5913897557379357	0.6352260405458034	0.3212694502194306	0.8893505194241833	0.9026275573050657	0.863637467064383	0.8955373922508397	0.05536982965470743	0.8587825918623317	0.8804542945243742	0.8686718392054247	0.14872836483225793	0.8438793992326009	0.8602560815596839	0.8374768039076013	-0.5429025711366426	0.8697322564181333	-0.7823485886502031	-0.7419274439518198	0.8861075366717224	-0.7293015266058046	-0.7860311452061866	-0.7760942172302076	-0.7075263289308908	-0.7689388826507848	-0.7306726031095845	-0.7001605450583912	-0.7126016893432167	-0.7357570659492778	-0.7959010922868309	0.8887875936070027	-0.7837074023614795	-0.7706034636015416	-0.77162304026517	-0.7388229167580943	-0.7268169849613617	-0.7736305152519932	-0.7487744144577915	-0.7426662806764135	-0.7591962798514155	-0.7569281241947041	0.047065260964102976	-0.7818488518414091	-0.7322691518857555	-0.7239768735827847	-0.763790612268137	-0.7953292982953494	-0.7644270290822088	-0.6231760830092157	-0.7932014998773412	-0.7270243988693166	-0.7782257266635533	0.06888906001689427	-0.7805735820339973	-0.8029639965391101	-0.8019303697451178	-0.7901204763720246	0.8808429867592448	-0.6737126265543877	0.8877381564588543	0.029062516870148318	-0.35995098052972674
0.9071694063402731	1.5658042970635362	1.2239554196152849	-0.8534667720892449	0.8203433146323239	1.2056290428352026	1.165760727834637	0.11651302532612462	0.7055314526230543	-0.8382334166867245	-0.8492595054718551	1.2348255203502514	1.1958986018674855	-0.8444177490166036	-0.8519917097231448	-0.8413788534700952	1.1761529488849012	-0.8232728973358944	0.8308524768167835	0.8080179052879082	1.1692808606766176	0.8398226140392	0.8326045348443226	0.7498972997308225	-0.8392946718637418	-0.7504675809200082	-0.8409835633838402	-0.8050754818692969	0.8338473623232371	-0.8152762416162298	0.7385408446604041	0.8236329427488392	-0.8889645234830535	-0.8360331767313401	0.11858365419993598	-0.7850438733008943	0.8523805366110242	0.5869409058320845	1.2274716498614866	0.8112140606963393	0.8850673811094689	1.1743740958918396	0.8766524430952002	0.8374108258625449	0.1335360030188794	0.1251462632406645	1.1753087085094962	0.8194345898208312	-0.7917378317479193	0.1329121354705675	0.8159399110062409	0.8337371983157214	0.36660055159764715	0.3981030710346452	-0.031886097091143324	1.1863351519955796	1.1876740046828471	0.8604463507020881	0.8753733533022398	0.155258968040082	0.9312107711080759	1.1968124244747558	0.8325673220353726	-0.06525168649065263	0.7904538832815041	0.7489238679719022	0.8543529892897617	-0.44141860549121437	0.8620394693321441	-0.8627911628692946	-0.8176476599627245	1.1619774229389284	-0.7735083616000288	-0.8559377110922519	-0.8501319834215533	-0.7747906731502764	-0.8655425881399269	-0.761028565224814	-0.7662484477528018	-0.7853168878150508	-0.8095282268917967	-0.8570269400625283	1.2226104331407763	-0.8615900244584961	-0.8478346287619839	-0.8559226055045561	-0.8372406748964566	-0.8115433396825452	-0.8443435058113902	-0.8439722273109248	-0.8203215759471528	-0.8325561642200506	-0.8321552057552544	-0.18164940677225158	-0.8645462757243388	-0.7833081257710833	-0.7733120495216639	-0.8381330590962713	-0.8540581418768596	-0.8241821723565623	-0.7264423297303612	-0.887123377918568	-0.7897413650072204	-0.8601409501423832	0.13850582557460508	-0.8704895533471333	-0.8876845026186858	-0.8514884476300585	-0.8734179236799284	0.8727367876175244	-0.746620170698147	1.176804690347985	0.12711654507103196	-0.6618370115767618
0.8955098442386384	1.2239554196152849	1.5226624580780965	-0.8466272627114297	0.8095116852544934	1.1935291495875595	1.1649274486584362	0.12965150395258235	0.6940751419033521	-0.8504902436247191	-0.8364869724469175	1.2024002910421323	1.1778326083955237	-0.842749315601545	-0.8436524876809536	-0.8328717772202163	1.1657869375239323	-0.8124726715241547	0.8081292020859561	0.7944763004822675	1.161136771679216	0.8316891070027813	0.8212381450716972	0.747247273766754	-0.8225206298920165	-0.7351081217516213	-0.8453501270927448	-0.7987862513426858	0.8261788613985747	-0.802325070820086	0.7287934897887595	0.8189260014857174	-0.8763082545662362	-0.8261238312471822	0.1383911705764313	-0.7574710617401825	0.8449373401315206	0.5722655086290213	1.2186881272753936	0.8145761668813225	0.8848438103868128	1.1615056285821248	0.8696639947462166	0.7999938076286831	0.1281408482562212	0.12350355807984202	1.145521171413159	0.8041911455559072	-0.7722676829982905	0.14777708416783925	0.812818532553449	0.8162686908010547	0.3632056380584773	0.3973526122848062	-0.026300224122569174	1.1771479027068779	1.1728628679930877	0.8444630594694045	0.8712997621235324	0.15252509103382278	0.9256440231045143	1.1692993023471128	0.8334275487883877	-0.056041411968935376	0.7834194140909441	0.7449798302787871	0.8465510850060124	-0.44044703283090797	0.8330672563887009	-0.839011121190514	-0.8162386965382424	1.1457455418031903	-0.7626028996762799	-0.8524793624154019	-0.843679805463212	-0.7608526476937558	-0.8588793378114972	-0.7562257492999129	-0.7622482588756263	-0.7687637823958808	-0.8002688111240177	-0.8445520410852838	1.1951792989732946	-0.8538879890298884	-0.8389677003796654	-0.8524284673188739	-0.8191226627717606	-0.7984202050828344	-0.8323468620371018	-0.8391718701263987	-0.8078717121386796	-0.8237950561152255	-0.8173032177304841	-0.18033510554351284	-0.8581071322365215	-0.789057717960679	-0.7620084491073202	-0.8300627736896292	-0.8537401467611904	-0.8252339501750425	-0.7181218914525911	-0.8792628937445924	-0.7914835571846157	-0.8483305795028513	0.16243946418909028	-0.8654018439223008	-0.8777710357138911	-0.8545437964909302	-0.8620882402347106	0.8412358349142104	-0.7158712578851218	1.1678955682019752	0.14016832729697545	-0.6450553325923688
-0.7746127258893853	-0.8534667720892449	-0.8466272627114297	1.3119365685082858	-0.7653519325035713	-0.8531763646146868	-0.863057175932207	-0.08811620416864993	-0.7609549617442986	0.7568644728217659	0.7972019735585982	-0.8417553141460287	-0.8498678685651871	0.7293190563824564	0.8297095045549308	0.8449783604455385	-0.8492781467064718	0.7556551773384143	-0.7610717091685459	-0.7728662615719087	-0.8656297704008593	-0.798166237092377	-0.7634363225844172	-0.7813610743928124	0.6153213928474804	0.6749508445159589	0.8023079020415693	0.756782614299987	-0.7801664687734893	0.6557916910594026	-0.5736667160233365	-0.8018032746347973	0.6717842275828106	0.805992196205462	-0.07017456031095097	0.6655893277540815	-0.7995123266453663	-0.5374186236550356	-0.8887532181627177	-0.7958115283680587	-0.8163813204019549	-0.8260866003801145	-0.7827005934901221	-0.7875537645578966	-0.05226792692629551	-0.06408664118019546	-0.8466411888039236	-0.7667351276964014	0.6198400771117558	-0.08207022671825269	-0.7952902471575563	-0.7902942700821832	-0.49831020266931375	-0.5363209685194833	-0.292840948796562	-0.8329076790791131	-0.8640758568570558	-0.7954755628550517	-0.8129297904823451	-0.07853925372294222	-0.8009242198071101	-0.8366200411806868	-0.8181956726825349	-0.21740572654836401	-0.7655582680145702	-0.7824197528067076	-0.7838730632281283	0.43344551898622014	-0.7939480533786425	0.7583914725684321	0.6510320874019252	-0.8471440831245682	0.5084535759052524	0.8362227411577701	0.6767048242365108	0.5646394881787377	0.8212317474072277	0.5232857744334447	0.727467425991534	0.6513455621769351	0.6226372496455963	0.7277186103232118	-0.8340284520167436	0.7575280169912275	0.7593983968201794	0.843813172720622	0.7637755638906165	0.6183753206351409	0.7108535577967301	0.7644013290742955	0.6360141516818667	0.6409201928724433	0.7934819016512002	-0.013173805917810122	0.8384209635674924	0.5656711783479728	0.6712063603246301	0.6502328835005312	0.6245923541808599	0.7691393294311445	0.5739001734419277	0.7786778295084906	0.5774860487283483	0.7845761874047595	-0.10092928568534455	0.7933116011049498	0.8138892889085213	0.7892784995460679	0.7484706937975498	-0.8022292978794654	0.5926833817262438	-0.8378302705960317	-0.08613478993853002	0.31253756499749474
0.875570776924877	0.8203433146323239	0.8095116852544934	-0.7653519325035713	1.3600100142030944	0.8108028300359036	0.8190815871906075	-0.01302383711103384	0.9510861685158016	-0.8168402154379238	-0.779568395662791	0.8237626439857406	0.8142564389646598	-0.7873979092741769	-0.7842774130744294	-0.7911352079954045	0.8355494191111702	-0.7472912415308964	0.8979813802436342	0.9066061584972731	0.8118142131696583	0.9416920812319175	0.8785463107702154	0.9452392597878781	-0.7644835327799108	-0.6977250751019586	-0.7800730129307577	-0.7412135598331093	0.9458379088028883	-0.7674895181668465	0.634687790762724	0.9377188110214212	-0.8047766463217255	-0.7643840427204813	-0.026843131394994703	-0.7218233016693523	0.9231120445013022	0.5512154237611108	0.8081115662361733	0.9441159371773495	0.9701982482416776	0.8123122702099073	0.8990560664919106	0.9423237841126259	0.0071482140481574875	-0.01626074213366012	0.8024314224574282	0.9154078602523691	-0.7250539613357359	0.005111642436923827	0.9964551556620681	0.94476791621831	0.7239091236916465	0.7629884921176926	0.5085455101008013	0.832472834553054	0.8450067837458602	0.8797353855804754	0.9689323165932513	-0.006143222890238688	0.8657261733175415	0.8066377543289238	0.9360246660501254	0.25520626592084916	0.9027435912730115	0.9661621680193265	0.8924445494154583	-0.5907117034762165	0.9307782262905371	-0.770531005148986	-0.7698519924963753	0.7971248802651504	-0.7304638365516368	-0.7810458322025619	-0.7773101269775694	-0.7117546530556448	-0.7797264734121248	-0.7265624303058876	-0.7258551020461723	-0.7305840667743391	-0.7325845130341241	-0.794688259270185	0.8225045407859845	-0.7773119140116359	-0.7812642021283537	-0.8003904566633393	-0.7720638205974544	-0.7199210100593271	-0.7677442358010527	-0.7603514020974015	-0.740164725692614	-0.7490888460040661	-0.7771387095770982	0.17930904485255297	-0.8004976243923734	-0.7339327162167049	-0.7443378002876057	-0.7696812654400954	-0.7884330027311559	-0.7807102209199394	-0.6146644283573781	-0.8206123500446283	-0.7195716451514892	-0.7888752716851353	0.011540660790428914	-0.7879253656368078	-0.8049764046317543	-0.8084828722134458	-0.8041911007813638	0.9354805130113161	-0.6921894976055744	0.8235222523149469	-0.0036256299576130405	-0.2560313325299869
0.8986678011738439	1.2056290428352026	1.1935291495875595	-0.8531763646146868	0.8108028300359036	1.4977022659218537	1.1848206156523642	0.1626566193649411	0.7243743759683484	-0.8521878627967774	-0.8474845177255237	1.1989179141056006	1.1806461353914754	-0.8489574935284896	-0.8492295781225492	-0.8430835850680422	1.2011292890902485	-0.8178647884141388	0.8101471285322444	0.793627570294581	1.1803217957458918	0.8363531689166595	0.8265989916649813	0.7489637568573576	-0.8403002994987472	-0.7496849386592287	-0.8480712948684233	-0.8067504686170794	0.8396288238527774	-0.8343104974859143	0.7392559192852823	0.822675621675236	-0.8861442209659931	-0.8349371834076004	0.15560479979660916	-0.7767912005752633	0.8440371020626175	0.5587300932744247	1.2185336898485344	0.8278118739759888	0.8604984149143652	1.1698082232162739	0.8697632446239487	0.8068702429761636	0.14933220628296962	0.13042948015653535	1.1585053633941549	0.7979026862632602	-0.7754989322455044	0.1725895237299439	0.8091926857264133	0.832855119948809	0.35900219600848815	0.3858110512675406	-0.01984776645793301	1.1819940448743602	1.1853313701469472	0.8440705541526883	0.8492123884878843	0.15645564376379784	0.9351711424630317	1.178980673306921	0.8418498087016295	-0.07213607664790773	0.7888377669319273	0.7394815599586688	0.8472996892741226	-0.4351659658416859	0.8364648011446192	-0.8375315418768752	-0.8331396545589237	1.1744938454648268	-0.7734834688390846	-0.8622593374816144	-0.845864091866714	-0.7741184924386771	-0.8682203657689344	-0.7735210168721185	-0.773297045384029	-0.7846757205310355	-0.8147581913057362	-0.8480375071815406	1.1848410226051316	-0.8518675205098563	-0.8499614659798974	-0.8634119461439763	-0.8278822551681366	-0.8072993702988305	-0.8336308588723162	-0.84419588282507	-0.8203287876267523	-0.8354477829530113	-0.837660552500231	-0.17256129634791045	-0.8609949056246156	-0.7986824773123025	-0.7854276797333496	-0.8440301795716819	-0.8597281274051388	-0.8344343428899114	-0.7155000563471692	-0.8866126426769447	-0.7931845690930267	-0.85696097545737	0.1919352376702235	-0.8697297240653218	-0.8807917460499395	-0.8603059096040228	-0.8579864397365221	0.8412031446244547	-0.7305149348702358	1.177458009289891	0.15673609355423096	-0.6399832558809071
0.8920892717639904	1.165760727834637	1.1649274486584362	-0.863057175932207	0.8190815871906075	1.1848206156523642	1.594825205651569	0.18194333914567878	0.6961342160136331	-0.8461864528693647	-0.8466860558502822	1.144784524148809	1.1623022295651626	-0.8347694067871687	-0.8444627900941021	-0.824587278571014	1.1832602845445832	-0.8159378610700642	0.7916044101880776	0.7969641632912674	1.2373830515745192	0.8190952758934614	0.8137375229576665	0.7449271488494481	-0.8162435135732604	-0.7569129847425471	-0.8546082374832304	-0.8096356416140573	0.8458827927501971	-0.8122426448746733	0.7276917601106101	0.8371091281684993	-0.8642162945522556	-0.841763401138543	0.1748327915792196	-0.7750459547940978	0.8086679013130493	0.5041701786943384	1.1795487173194548	0.8265282452501315	0.8613365894634616	1.177051763790271	0.8475323181784483	0.774544482235677	0.1812232487096133	0.1660459523400816	1.142754007915372	0.7777324332851208	-0.7689335203456894	0.19311749543534984	0.8025568324902598	0.8170178166034008	0.3587413483753719	0.41282189091208193	-0.03392352629538571	1.21046787494468	1.1691963758638784	0.8412970035724261	0.8043525520984307	0.14280286491800578	0.9400048512873568	1.17585869282222	0.8744209236587585	-0.10011665640282533	0.7809068955241909	0.7414153786883122	0.8401737377805751	-0.4077719927201837	0.8184093112378873	-0.8421173061542674	-0.8315459292196733	1.2210050344239511	-0.775912086086547	-0.8794413679257376	-0.8538718802310681	-0.7514487836823769	-0.866722202165187	-0.7816992509802055	-0.7843663258841368	-0.786018169551781	-0.8045467448582616	-0.8460614269896688	1.1878243581558534	-0.8321046115952616	-0.8482404729943667	-0.8575454675076979	-0.8284274244123805	-0.7995942403287319	-0.8397485013611014	-0.835061842966423	-0.7997972912316461	-0.8313456946855898	-0.8245233985778888	-0.17043235077100735	-0.8653315081712576	-0.7887805165392757	-0.7977167197287185	-0.8195894405322923	-0.8466398078401858	-0.8252736784311602	-0.714225985186319	-0.877077153056005	-0.7861992375232694	-0.824473071850945	0.20136548147904124	-0.8857069485525052	-0.8847933673277105	-0.8493209701040269	-0.861052302835424	0.8077471272893028	-0.6958031931444113	1.1646486129090245	0.2013119897510474	-0.6607756159213194
0.04403549587896637	0.11651302532612462	0.12965150395258235	-0.08811620416864993	-0.01302383711103384	0.1626566193649411	0.18194333914567878	0.4965679148269073	-0.030226038375834225	-0.00855437484574283	-0.05235473281119473	0.132428392760703	0.15939028799071953	-0.03777890035711279	-0.05827430604629136	-0.11248846272685332	0.14773072214223984	-0.06606278115617294	-0.008927571267268227	-0.016506187645036904	0.19599085394176594	-0.008469308962957726	0.011606002650404608	-0.012657745098540504	-0.09242250159275255	-0.14697861574995785	-0.11133286493713737	-0.10780740338482601	0.002224181447929374	-0.15902901800484073	0.04399948874850651	-0.0013115217861985895	-0.13227868342802257	-0.13843238533448896	0.2349820567603962	-0.08803697028763348	-0.015667044220810347	-0.06300284698607897	0.12882761246296562	0.011370594202110111	-0.007769599473011352	0.14276607581927797	0.012403222974063354	-0.033081127509626405	0.06233456279287084	0.17362367090427197	0.1447242165629613	-0.012022908560068647	0.15615460537492593	0.17946372830121063	0.008053240595388724	-0.011760096523947345	-0.10620666664108891	-0.10219052418481174	-0.17947498714778837	0.14770405001620726	0.16186343170350265	0.02516036176167137	-0.022855930020859505	0.1216459422402263	0.057862770516057115	0.15377769542066302	0.011675504772382071	-0.21525347409957832	-0.004529556767666756	-0.04190702213349546	0.02581380469628103	0.13897945129603356	-0.010378913809905877	0.0033257456570077956	-0.1448989215457968	0.20872608662559528	-0.09707996707179452	-0.12693561972957484	-0.11739568034576577	-0.06831655928704192	-0.11887854958289187	-0.12130754328027715	-0.16223276906557405	-0.06190921818537865	-0.14789699947439305	0.027153222185111004	0.1310921807708717	-8.49105946499525e-05	-0.024995090286465436	-0.1613806815112752	-0.1450115810275709	-0.10958638499054775	0.034702513847101185	-0.08581804058234993	-0.13938655255440646	-0.14361648095991814	-0.13139017727361443	-0.08801064086433998	-0.11102028932996975	-0.03962891150372448	-0.13268211463256527	-0.1348636421157443	-0.0802841176379896	-0.0799448022502939	-0.007499348203858204	0.015254539260411148	-0.07569847456101	-0.07304899770298955	0.2170801028219705	-0.05656262071146164	-0.029130843550915293	-0.05116810195225426	0.002514280390540948	-0.0008696199343437728	0.08403841221836042	0.13506535094765332	0.18946215538579078	-0.06832001050255006
0.8457906575311486	0.7055314526230543	0.6940751419033521	-0.7609549617442986	0.9510861685158016	0.7243743759683484	0.6961342160136331	-0.030226038375834225	1.5485767448167478	-0.77235007718964	-0.7643921659067019	0.7233025754855736	0.7216001861426089	-0.7661834636351383	-0.7702004055803634	-0.7846309994768873	0.7567526543063426	-0.7247170666176728	0.8997829131707592	0.94894866351617	0.7207287428466381	0.9387367333448581	0.8904466140253359	0.9869863424795114	-0.7428162137340016	-0.6778315323458922	-0.7580669519154491	-0.7241968271778867	0.9281038946358331	-0.754558996333837	0.5949853023189848	0.9675818578818366	-0.7606234793409936	-0.7509274432334091	-0.05510373353219042	-0.6952043215171149	0.9437427667595447	0.5683910351058534	0.7476894373982166	0.9658667175667899	0.9565621246874081	0.7040045905804867	0.8857894316445167	0.9910753458450738	-0.024037975657205682	-0.05635474313134635	0.7143413270716586	0.9464284035377553	-0.7019231357585213	-0.026185414045279406	0.9949444193276534	0.9620631512412118	0.789517296659196	0.8269076451883146	0.6846640625210884	0.7072859831875838	0.7374134796358445	0.8838742599271282	0.985240037859579	-0.04184369512766263	0.8555909063909543	0.7102401479798865	0.9633865194796952	0.36485248213140026	0.9181029527161072	0.9987433342657945	0.8905285622979592	-0.6240161218217706	0.929782996088716	-0.7486584277860231	-0.7361939965383711	0.7086110529188072	-0.7103788663816758	-0.7682091559117996	-0.754493846019779	-0.6894307134175413	-0.7489574559739313	-0.7028273546717075	-0.6915728654217619	-0.7160548596142443	-0.7137665790713736	-0.7683061432326912	0.7018133720298965	-0.7789550028120961	-0.762111506965758	-0.7754906187951377	-0.7444097378639027	-0.6770015356848286	-0.7343057416794808	-0.7480861457572865	-0.7270117824703214	-0.7348969798386262	-0.7459043595144057	0.23063400306827073	-0.7729630327402714	-0.7111517644747474	-0.7173630743363688	-0.7619679903109493	-0.773284995293199	-0.7582674626048183	-0.5897780437848668	-0.776493843217876	-0.7043012178025252	-0.7789070736032424	0.0078011893861799735	-0.7585138426470432	-0.7908078223738374	-0.7742924142171244	-0.7655889742201607	0.945941658902611	-0.6667447676402525	0.7072757748812663	-0.04473165328631253	-0.1449838601087288
-0.8142158912594696	-0.8382334166867245	-0.8504902436247191	0.7568644728217659	-0.8168402154379238	-0.8521878627967774	-0.8461864528693647	-0.00855437484574283	-0.77235007718964	1.3519109638595797	0.8080876819876842	-0.8749180664115312	-0.8619937853795336	0.7130917312575384	0.8282582740294737	0.6002435191312556	-0.866302504268725	0.7375784827632236	-0.7675008008849192	-0.7881541143647233	-0.8737573314773821	-0.8039796319960963	-0.7721749801467724	-0.7836125070245258	0.6541640759912144	0.5457307954769275	0.7075199159159894	0.6630374151383013	-0.8107390550623842	0.6658176138234321	-0.6122466975904256	-0.8077760784112095	0.6848031209264799	0.6328345374288518	0.004169407511873484	0.5864110597181633	-0.796585543229835	-0.5766055211855668	-0.8340258411078547	-0.8217355953624949	-0.827491885879042	-0.8449193616874208	-0.8053293059572614	-0.7731134510899146	-0.03312647666966818	0.025825511589292582	-0.8323930457568202	-0.780804988165564	0.7592557408505473	-0.015220884870773763	-0.8279961101640927	-0.8154893849136952	-0.5373380603695591	-0.5537013935040835	-0.26122063104696924	-0.8639445827117602	-0.880948374057954	-0.7766827371991812	-0.8252970694569431	-0.014280974181667972	-0.8130717158294161	-0.847506711628742	-0.8325481151158018	-0.25888274738385403	-0.7727298517762706	-0.8062830329333119	-0.7826939476731781	0.5602733829914059	-0.809146839594948	0.8243371448959951	0.5563587583397511	-0.8610566504679864	0.6370583839534026	0.7824189527117871	0.6338221566799414	0.6171516552494452	0.7172473239815188	0.6145432401343932	0.5444194473697198	0.6085998426355874	0.5703443686746091	0.791015647945973	-0.829906439621966	0.9238927762734346	0.8342699879331631	0.6170430282611917	0.582922827090792	0.6321341322996323	0.8176032982268038	0.7280417194708497	0.5993191226602327	0.6221330342353929	0.5970751295583734	-0.011096386190958617	0.6972806410465254	0.6279666034308892	0.5810718230905553	0.6274132289124663	0.7170232010534179	0.7203337251319812	0.6407792824198297	0.7467548342502042	0.5870159430258495	0.8123440894566724	-0.025756341334096565	0.7495144059076712	0.741113465265029	0.8000388902898726	0.7865769842986075	-0.8125678547574571	0.7607504069268002	-0.8410315694447402	-0.005888541919536618	0.38150369406474305
-0.7714174778368692	-0.8492595054718551	-0.8364869724469175	0.7972019735585982	-0.779568395662791	-0.8474845177255237	-0.8466860558502822	-0.05235473281119473	-0.7643921659067019	0.8080876819876842	1.3241504173603453	-0.8492251228445666	-0.8498617108809198	0.7531309642317869	0.8321651707855271	0.7380670510991901	-0.849704884463434	0.7419604124405965	-0.7631888730067417	-0.7730413236144723	-0.8534729075076697	-0.7972182123950861	-0.7715228621468625	-0.7745020525025978	0.6422252820141292	0.6317655582632209	0.7708937546685202	0.7281033877516708	-0.7870682221394117	0.6711504546863584	-0.5700852013829261	-0.7951610810494235	0.6555176039278168	0.7608296478135631	-0.034863474092313974	0.599861171733269	-0.7882584934674045	-0.5569291842213359	-0.8639684403876348	-0.7951542593309343	-0.8143569398070405	-0.8296387227804215	-0.7886777230695768	-0.8000062486859354	-0.04330054649236041	-0.01849487655505629	-0.8277408107113928	-0.7884161150740056	0.6765494123995922	-0.059199759341429174	-0.803988596205925	-0.790022769665966	-0.499880952810864	-0.5222316334669387	-0.29785202900829305	-0.842751985075361	-0.8464677215043658	-0.7820653872378818	-0.8146876878069058	-0.04705331855918922	-0.7980743097941249	-0.8325617331393592	-0.8081849419635054	-0.25364725070935323	-0.7595477744527458	-0.7753398702853337	-0.7783287675250872	0.470860553740219	-0.7883213040630315	0.76569945811726	0.6201175930512652	-0.8385302363959222	0.510250070640057	0.823238625918503	0.6524857248081425	0.5811942425561153	0.7801930252028432	0.5147627527007169	0.6697331633333676	0.6295806637831489	0.6045171362665006	0.731320264344825	-0.8464318011491778	0.8042050671892497	0.7755331822874063	0.77798448512762	0.7197085302962469	0.6187906085250793	0.7377487128608667	0.7623702187679513	0.62326771092058	0.6123331864035757	0.7274907693586948	-0.008856151861277247	0.7857354861300158	0.5855205888558721	0.6134479678945338	0.6363983922621059	0.6524878527901372	0.7421322787036347	0.5976349264399777	0.7747436139686356	0.5989625652362047	0.835792537802359	-0.06853961006704691	0.7582084664544735	0.7793292995803744	0.769435513068232	0.7584153471496344	-0.790102811087243	0.6451255994897779	-0.8474665811544017	-0.056267631657917254	0.32484729912496485
0.9217256826005752	1.2348255203502514	1.2024002910421323	-0.8417553141460287	0.8237626439857406	1.1989179141056006	1.144784524148809	0.132428392760703	0.7233025754855736	-0.8749180664115312	-0.8492251228445666	1.51588446547226	1.207793260606842	-0.867231469326128	-0.8547533568370114	-0.8492620183907781	1.1847064289938127	-0.8097179949042105	0.8251993477318752	0.8013324632866449	1.1755622678836521	0.8445797714995262	0.8467196180919099	0.7537714274697035	-0.8217924098880334	-0.7455073145161237	-0.8596265028744116	-0.8050667981265359	0.8400816759041271	-0.829276957467771	0.7443004780363268	0.8354707405566744	-0.8923561342670948	-0.8311861152242044	0.1295138484844955	-0.77596372774859	0.8428782538301702	0.5790176431047144	1.2438670939831988	0.8251135177797045	0.8884390314303953	1.176388528806204	0.8900420288828582	0.8109064244718301	0.1389857807859074	0.11487931874687142	1.1593987950389473	0.8078889875839604	-0.7922532316253307	0.1488346523385635	0.825590225225396	0.8419354331345404	0.37871263195014826	0.4077507423844851	-0.038043506285480734	1.1784410168498796	1.1936136341560832	0.8497222558606807	0.889409945804979	0.14842419328300713	0.9351706448890365	1.1872225356291188	0.8444246931538455	-0.08137258842636697	0.7940806333098199	0.742043120131642	0.8609153244394036	-0.45827286845613247	0.8424585578761317	-0.8447672563135714	-0.8349429212546877	1.1497201015571699	-0.7784111474871397	-0.8698422884114402	-0.8403048111478983	-0.7787846921077133	-0.8607652744472272	-0.7732834230131331	-0.7748062332575237	-0.7821353120528376	-0.8024152803037683	-0.8512354479069819	1.2050963308368177	-0.8532506900608683	-0.8418734107618532	-0.8647172962210574	-0.8375740261547786	-0.8056001386025277	-0.8408232035208055	-0.843903204006553	-0.8230489918732262	-0.8220555539587081	-0.8341683822100283	-0.1735631268483421	-0.866420712282144	-0.7868239847913048	-0.7820011792803009	-0.837203479772619	-0.8478084824875726	-0.8403360118059541	-0.7353758989964516	-0.8885023329483446	-0.7822471508550147	-0.8599648083729912	0.149331335409386	-0.8601486599437115	-0.8835070825367155	-0.88089345328494	-0.8617325753609167	0.8462615166743762	-0.7406117960236981	1.1778040451568732	0.13828392483253837	-0.6534511772703405
0.9057757975473226	1.1958986018674855	1.1778326083955237	-0.8498678685651871	0.8142564389646598	1.1806461353914754	1.1623022295651626	0.15939028799071953	0.7216001861426089	-0.8619937853795336	-0.8498617108809198	1.207793260606842	1.524954540136776	-0.8588360503238962	-0.8596008326131425	-0.8269010982252304	1.1878197771457661	-0.810211142919558	0.8319195070021352	0.8003239007608881	1.1863910564543239	0.8457261981378583	0.8428373776647176	0.7610292618678786	-0.8181642623288952	-0.7538642522765856	-0.8561946636140108	-0.8141524691717139	0.8449276772533209	-0.8319997926008224	0.7371861843100418	0.845493392828552	-0.8973421621489497	-0.8445336663479595	0.15634034997882246	-0.7574035251707354	0.840399992560621	0.5622902519842643	1.19541840653954	0.8319149658600912	0.8868660789059619	1.1667569262128468	0.8711260541740403	0.8039436981748814	0.1323343442960333	0.11978885242143547	1.1482076020231142	0.819507608364695	-0.7751251228094885	0.15720560001766237	0.8318571236217538	0.8403370571220689	0.37851094284997894	0.4084961330265907	-0.007263215065820451	1.1670311517840382	1.20246872195069	0.874582573668855	0.8716826759576765	0.153633754235167	0.9365503374224521	1.1566487764424815	0.8541266802622608	-0.06863942595506073	0.795626206456043	0.7502247895745738	0.8595077110508117	-0.4475934982128506	0.8438395475067495	-0.8429367386454825	-0.8398613474062665	1.160122992120917	-0.7804793034559143	-0.8737877826760526	-0.8419468435049388	-0.7725502347976893	-0.8654838226451168	-0.7782810286133282	-0.7759385701338244	-0.7868884870221176	-0.8161587897413681	-0.8521948784924995	1.180711633067889	-0.8469779053963639	-0.8433637822789899	-0.8582239857784512	-0.8331009598103577	-0.8100043498375727	-0.8366798092202379	-0.8465314540819373	-0.8297301232569806	-0.8420115879210561	-0.834708196836909	-0.17130472108335526	-0.8726113506993105	-0.7973380880256606	-0.7868025098346028	-0.8500962818589116	-0.8610588293386738	-0.8365964509814474	-0.7264139722533194	-0.8760807071069742	-0.7778530271012698	-0.8601020004272458	0.1563375057513189	-0.8558522115271134	-0.8858297583656264	-0.8451822813679473	-0.8650642021367784	0.8447898252901818	-0.732992026997701	1.1812253302653526	0.14701676987713314	-0.6402417100369967
-0.7669274279940265	-0.8444177490166036	-0.842749315601545	0.7293190563824564	-0.7873979092741769	-0.8489574935284896	-0.8347694067871687	-0.03777890035711279	-0.7661834636351383	0.7130917312575384	0.7531309642317869	-0.867231469326128	-0.8588360503238962	1.3527078416944778	0.7987656930440539	0.7000487111001039	-0.8552464805480029	0.7205462362251105	-0.7734604174768861	-0.7665733805947231	-0.8240255927247044	-0.8090866203220292	-0.7565297150537144	-0.7635691649281822	0.5806476217049542	0.6536882482562807	0.7963036196498824	0.7462647547406192	-0.7934878685535454	0.626200608578728	-0.5947693342235335	-0.7929863582360946	0.6424299588450465	0.7455427678051608	-0.04915881388078996	0.6075933564019977	-0.7907950797407366	-0.5311372120508372	-0.8539520186260801	-0.7791782817784599	-0.8204891796279411	-0.832962634003425	-0.8001133324003704	-0.8002012940965334	-0.03862632483898935	-0.040935737095926523	-0.8194127915396393	-0.7691737057022642	0.6597976894731978	-0.06313749172645333	-0.8009362285534674	-0.7976972640698891	-0.5120821427314919	-0.5328244944177425	-0.2681275153473374	-0.8436763075228203	-0.8514048610477812	-0.7814072314426773	-0.8207788269469902	-0.0495455552196658	-0.7949811093091991	-0.8402175232914646	-0.8040368267689038	-0.23231755518320368	-0.765538533581444	-0.7793871188116619	-0.7765539360062186	0.481567211386977	-0.7765497268167203	0.8026605139051363	0.6386597119320092	-0.8139909513422294	0.4800936497468943	0.7939410832344209	0.6253024384096622	0.5897674902637383	0.746784379906656	0.4834180413958061	0.642006561740614	0.6273552081310676	0.5876702280479047	0.7221943222396866	-0.8494735156206756	0.7382240577205187	0.7230233319138702	0.8023214690713263	0.7771325676799685	0.6274192533418524	0.7594105823197366	0.8144732370655909	0.6072559490002398	0.5928073278786181	0.745754020170719	-0.025106888848629192	0.8767821032536455	0.5781400298638257	0.598695548525358	0.6069712015375668	0.6171082458329775	0.7397132955941825	0.6150972581899534	0.8162602577720213	0.6046811138378361	0.7582237487528938	-0.08488031277319685	0.8704834509562146	0.7999640526073591	0.7719949589352813	0.7867573073020652	-0.7695482622292915	0.6292400008299022	-0.8456224042429376	-0.041443586183971245	0.38052934199863325
-0.7663637911548588	-0.8519917097231448	-0.8436524876809536	0.8297095045549308	-0.7842774130744294	-0.8492295781225492	-0.8444627900941021	-0.05827430604629136	-0.7702004055803634	0.8282582740294737	0.8321651707855271	-0.8547533568370114	-0.8596008326131425	0.7987656930440539	1.365364584023739	0.7088115578818394	-0.8538653296166595	0.7437343734282779	-0.7605043454978804	-0.7742851147166236	-0.8619448104732241	-0.7888023221360201	-0.7638787396134775	-0.7754095702321459	0.6179038965022513	0.6353092920869916	0.8078668977970458	0.7445431715885664	-0.7825945763523502	0.6341576358523356	-0.573875168938244	-0.7981640246794531	0.649108603638306	0.7646583127691171	-0.049616506797152626	0.6044696896067394	-0.7880836344779032	-0.5669694572484557	-0.8767856164062936	-0.7897201936895287	-0.8115472298188449	-0.8267789478798012	-0.7753324721270876	-0.7946793423084237	-0.04942576971603066	-0.014366967277632292	-0.8327515413496926	-0.782632400024739	0.6646190903802152	-0.07025908797342606	-0.798383493404032	-0.7892004897247336	-0.4906985306912306	-0.5125700312525368	-0.2855159535409115	-0.8407591433598971	-0.8619875177590985	-0.7858875195276965	-0.8153011077973794	-0.05809937111397272	-0.7986887164772771	-0.8345347850089101	-0.8076952400285698	-0.27778615425154407	-0.7525138810569686	-0.7847492373755052	-0.7804254415455045	0.4630380228174693	-0.7799794995365252	0.7805532525023016	0.5981948822779422	-0.8357102180866185	0.4878788881556023	0.8311816394045494	0.641665477280413	0.5533342570670917	0.7973500010589135	0.4865292672798761	0.6471401130480031	0.6148023350086516	0.5876079039303401	0.7458666433827902	-0.8553365606384093	0.8115839245581166	0.798253217272225	0.8087922266803876	0.736242157414511	0.6069874749920129	0.7498375010781514	0.7826521247245312	0.6067128698924817	0.5913210848417724	0.7121257977299599	-0.015464834024621002	0.8243428220651768	0.5585068318496919	0.5805922103859257	0.6305887295376265	0.641865778434966	0.7456355662326694	0.5956767795809282	0.7841917931929142	0.5748347647355793	0.8525154672941913	-0.07497799366657155	0.8105830593692398	0.8398386314802639	0.7973721295145945	0.7641333899347722	-0.7897519278575545	0.6541640428585314	-0.8596711176113297	-0.0684633768840639	0.31064200925213237
-0.7688956483979082	-0.8413788534700952	-0.8328717772202163	0.8449783604455385	-0.7911352079954045	-0.8430835850680422	-0.824587278571014	-0.11248846272685332	-0.7846309994768873	0.6002435191312556	0.7380670510991901	-0.8492620183907781	-0.8269010982252304	0.7000487111001039	0.7088115578818394	1.5393220141208044	-0.8575646023905324	0.726597896238541	-0.7884564962306029	-0.7843914729654584	-0.8618987509216394	-0.8127888411060178	-0.7739392146166753	-0.8061347912604914	0.6554164089690451	0.850418755459259	0.8128537987102361	0.7977383730678826	-0.8103818418289422	0.7183575799700171	-0.5922761491479643	-0.815126945946314	0.6876386331566354	0.8994431254533168	-0.1018607893517156	0.9038842607776338	-0.7939830222849386	-0.36339307843496105	-0.8745838092629422	-0.8202691499602601	-0.8114404476203794	-0.8179368443499401	-0.7932576491657874	-0.8006348633799676	-0.09761524169760558	-0.10935819812015121	-0.8285068106940966	-0.7955795123019594	0.5287826609570407	-0.1222016887243147	-0.8330800375017489	-0.8058523549284113	-0.5329514014911683	-0.5508547331778576	-0.3272054990783631	-0.8284380962692848	-0.8585405337851503	-0.7983104031060804	-0.8297783255873018	-0.15191685078087666	-0.8074616741853063	-0.8320570624184568	-0.8033792124272671	0.16334925061515182	-0.7826671437745328	-0.7961372262364197	-0.8060484518626083	0.36482787062243394	-0.8052650498108787	0.6050481188134139	0.7394798269023651	-0.8415460972888877	0.5912133307971513	0.823107401787246	0.7192337125237159	0.5356822933960326	0.7910674371599713	0.6277200972923803	1.0239879779025187	0.8673104465608713	0.6818749387934324	0.6370013763259745	-0.8214608676017134	0.6198089229225519	0.6142009693148902	0.933741736849379	0.972340911036265	0.6141899677986608	0.5682838750254331	0.7204987187653794	0.6901264222858284	0.7136805907735797	1.0040887756146575	-0.07759203605087531	0.864539906433451	0.5589729089965657	1.010927240413293	0.7090101506760675	0.6040141193967558	0.787439134603615	0.529092892037607	0.7679572928651246	0.6293913328652645	0.7952453566765544	-0.15142850711758785	0.6882213993715416	0.747607980331993	0.7461483806078267	0.656856211613681	-0.7859806711520027	0.46265410613044805	-0.8319104512887352	-0.1398261184765427	0.2798143498212977
0.8979441126289007	1.1761529488849012	1.1657869375239323	-0.8492781467064718	0.8355494191111702	1.2011292890902485	1.1832602845445832	0.14773072214223984	0.7567526543063426	-0.866302504268725	-0.849704884463434	1.1847064289938127	1.1878197771457661	-0.8552464805480029	-0.8538653296166595	-0.8575646023905324	1.537902693881608	-0.8199887494609136	0.8287624691617874	0.8089063295288178	1.1831164312496472	0.8595412994668967	0.8434934615409732	0.7823417997704836	-0.8467624144587819	-0.7486149105073414	-0.857635442900868	-0.8090990565565241	0.8515103936196476	-0.8392006297605105	0.7701252385247567	0.8419365203215718	-0.8969555317969718	-0.8369359159495517	0.15032942553047995	-0.7796598153784352	0.8320382525200272	0.5622843350258349	1.2072429383582675	0.8499534299019085	0.8828425022335196	1.1730058588242327	0.8745134306900781	0.7979342978962288	0.14633854235883872	0.12560793332833417	1.1676424676700332	0.8165802554058786	-0.7813076169741981	0.1772838468384193	0.8327885027729862	0.8492087117463446	0.3850109528022898	0.4263535530417587	-0.009712752919129035	1.1955151707615361	1.1964719456967388	0.8561514875816492	0.8639848421926717	0.13624660738260463	0.9457455906248282	1.1811464571817023	0.8733671526131744	-0.08408675278331276	0.8064697562715045	0.7657606270113433	0.8631004513419189	-0.4580852867349863	0.8511882757560251	-0.8423280658600314	-0.8499514335876177	1.1729449295020145	-0.7919117798798564	-0.8691622513055782	-0.8453370861122738	-0.783885288934991	-0.8566064566239943	-0.786539626610402	-0.7708437347957705	-0.7913404026916411	-0.8239057591449082	-0.8550683468730323	1.1672118119843544	-0.8583557339288249	-0.8585165452111411	-0.8731033061197377	-0.8382812452411733	-0.8118335655301268	-0.8417407558562146	-0.8506957000420906	-0.8291805351940101	-0.836686074127473	-0.8245468004387242	-0.1696230198171647	-0.8591396646684958	-0.798291307543948	-0.7934542240598985	-0.8487195851696399	-0.8624450529986797	-0.8429861929211913	-0.7213391853319416	-0.8922071250953068	-0.7971309090126131	-0.8556569789478823	0.19098471195872116	-0.863070931997552	-0.8892505897392096	-0.8775722234280875	-0.8651846061868428	0.8491334408902954	-0.736246122168717	1.1858365722035522	0.15521622371208338	-0.6488925354705575
