(((HC:0.04115,HA:0.02098)1:0.06198,
Amil:0.09868)0.95:0.02437,(HE:0.1028,
HD:0.04464)0.95:0.02466);